Problem description: 
	 permuatation = [51, 50, 52, 49, 53, 48, 54, 47, 55, 46, 56, 45, 57, 44, 58, 43, 59, 42, 60, 41, 61, 40, 62, 39, 63, 38, 64, 37, 65, 36, 66, 35, 67, 34, 68, 33, 69, 32, 70, 31, 71, 30, 72, 29, 73, 28, 74, 27, 75, 26, 76, 25, 77, 24, 78, 23, 79, 22, 80, 21, 81, 20, 82, 19, 83, 18, 84, 17, 85, 16, 86, 15, 87, 14, 88, 13, 89, 12, 90, 11, 91, 10, 92, 9, 93, 8, 94, 7, 95, 6, 96, 5, 97, 4, 98, 3, 99, 2, 100, 1]
	 number of cars = 100
	 number of options =  5
	 number of configurations =  18
	 k =  [2, 3, 3, 5, 5]
	 min capacity =  [0, 0, 0, 0, 0]
	 max capacity =  [1, 2, 1, 2, 1]
	 number of cars in configurations  =  [5, 3, 7, 1, 10, 2, 11, 5, 4, 6, 12, 1, 1, 5, 9, 5, 12, 1]
	 confs  =   
 	[1, 1, 0, 0, 1, 1, 1, 0, 1, 0, 1, 1, 1, 0, 0, 0, 1, 1, 1, 0, 1, 1, 0, 0, 0, 1, 0, 0, 0, 1, 1, 0, 0, 1, 0, 1, 0, 1, 0, 0, 0, 1, 0, 0, 1, 0, 1, 0, 1, 0, 0, 1, 1, 0, 0, 0, 0, 1, 0, 1, 0, 0, 1, 1, 0, 1, 0, 0, 0, 0, 0, 1, 0, 0, 0, 0, 0, 0, 0, 1, 0, 0, 0, 1, 0, 0, 0, 1, 0, 0]
 
Solution: 
	 car_confs =   
 	[11, 17, 14, 11, 7, 16, 8, 17, 14, 11, 7, 15, 7, 11, 5, 16, 3, 15, 7, 11, 1, 17, 5, 11, 7, 9, 3, 17, 5, 11, 6, 10, 5, 17, 3, 9, 7, 15, 5, 13, 1, 10, 8, 15, 2, 12, 2, 15, 14, 4, 1, 17, 3, 15, 7, 9, 2, 18, 5, 10, 6, 10, 3, 19, 5, 9, 7, 10, 8, 15, 1, 17, 3, 10, 14, 11, 1, 17, 3, 15, 7, 11, 5, 16, 5, 11, 7, 15, 5, 16, 8, 17, 7, 11, 14, 16, 8, 17, 17, 11]
	 objective =   	1
----------
/home/frekn832/fznparser/test/mzn-challenge/carseq/carseq_set_1/car_0.dzn
Problem description: 
	 permuatation = [51, 50, 52, 49, 53, 48, 54, 47, 55, 46, 56, 45, 57, 44, 58, 43, 59, 42, 60, 41, 61, 40, 62, 39, 63, 38, 64, 37, 65, 36, 66, 35, 67, 34, 68, 33, 69, 32, 70, 31, 71, 30, 72, 29, 73, 28, 74, 27, 75, 26, 76, 25, 77, 24, 78, 23, 79, 22, 80, 21, 81, 20, 82, 19, 83, 18, 84, 17, 85, 16, 86, 15, 87, 14, 88, 13, 89, 12, 90, 11, 91, 10, 92, 9, 93, 8, 94, 7, 95, 6, 96, 5, 97, 4, 98, 3, 99, 2, 100, 1]
	 number of cars = 100
	 number of options =  5
	 number of configurations =  22
	 k =  [2, 3, 3, 5, 5]
	 min capacity =  [0, 0, 0, 0, 0]
	 max capacity =  [1, 2, 1, 2, 1]
	 number of cars in configurations  =  [6, 10, 2, 2, 8, 15, 1, 5, 2, 3, 2, 1, 8, 3, 10, 4, 4, 2, 4, 6, 1, 1]
	 confs  =   
 	[1, 0, 0, 1, 0, 1, 1, 1, 0, 0, 1, 1, 0, 0, 1, 0, 1, 1, 0, 0, 0, 0, 0, 1, 0, 0, 1, 0, 0, 0, 0, 1, 1, 1, 0, 0, 0, 1, 1, 0, 1, 0, 1, 1, 0, 0, 0, 1, 0, 0, 1, 0, 1, 0, 0, 1, 1, 1, 0, 1, 0, 1, 0, 1, 0, 1, 0, 0, 1, 1, 1, 0, 0, 0, 0, 0, 1, 0, 0, 1, 0, 0, 0, 0, 1, 1, 0, 0, 0, 1, 1, 1, 0, 0, 0, 1, 1, 0, 1, 0, 1, 0, 1, 0, 1, 1, 1, 1, 1, 1]
 
Solution: 
	 car_confs =   
 	[14, 23, 20, 23, 19, 17, 9, 23, 19, 8, 19, 16, 11, 13, 13, 11, 16, 15, 7, 13, 15, 10, 15, 13, 8, 6, 6, 23, 2, 6, 17, 2, 6, 5, 2, 6, 1, 6, 2, 5, 3, 5, 2, 6, 1, 4, 1, 23, 3, 4, 1, 5, 2, 6, 15, 5, 1, 6, 2, 17, 1, 5, 2, 6, 15, 5, 2, 5, 6, 2, 17, 6, 6, 8, 6, 6, 8, 15, 13, 10, 15, 13, 10, 13, 15, 16, 8, 15, 13, 15, 16, 9, 23, 19, 23, 12, 23, 20, 23, 20]
	 objective =   	9
----------
/home/frekn832/fznparser/test/mzn-challenge/carseq/carseq_set_1/car_1.dzn
Problem description: 
	 permuatation = [101, 100, 102, 99, 103, 98, 104, 97, 105, 96, 106, 95, 107, 94, 108, 93, 109, 92, 110, 91, 111, 90, 112, 89, 113, 88, 114, 87, 115, 86, 116, 85, 117, 84, 118, 83, 119, 82, 120, 81, 121, 80, 122, 79, 123, 78, 124, 77, 125, 76, 126, 75, 127, 74, 128, 73, 129, 72, 130, 71, 131, 70, 132, 69, 133, 68, 134, 67, 135, 66, 136, 65, 137, 64, 138, 63, 139, 62, 140, 61, 141, 60, 142, 59, 143, 58, 144, 57, 145, 56, 146, 55, 147, 54, 148, 53, 149, 52, 150, 51, 151, 50, 152, 49, 153, 48, 154, 47, 155, 46, 156, 45, 157, 44, 158, 43, 159, 42, 160, 41, 161, 40, 162, 39, 163, 38, 164, 37, 165, 36, 166, 35, 167, 34, 168, 33, 169, 32, 170, 31, 171, 30, 172, 29, 173, 28, 174, 27, 175, 26, 176, 25, 177, 24, 178, 23, 179, 22, 180, 21, 181, 20, 182, 19, 183, 18, 184, 17, 185, 16, 186, 15, 187, 14, 188, 13, 189, 12, 190, 11, 191, 10, 192, 9, 193, 8, 194, 7, 195, 6, 196, 5, 197, 4, 198, 3, 199, 2, 200, 1]
	 number of cars = 200
	 number of options =  5
	 number of configurations =  24
	 k =  [2, 3, 3, 5, 5]
	 min capacity =  [0, 0, 0, 0, 0]
	 max capacity =  [1, 2, 1, 2, 1]
	 number of cars in configurations  =  [3, 84, 5, 1, 8, 34, 3, 11, 3, 1, 4, 2, 1, 1, 3, 1, 12, 15, 2, 1, 1, 1, 1, 2]
	 confs  =   
 	[1, 0, 0, 1, 0, 0, 1, 0, 0, 0, 0, 1, 0, 1, 0, 1, 0, 0, 1, 1, 1, 1, 0, 0, 0, 0, 0, 1, 0, 0, 1, 1, 1, 1, 0, 0, 0, 0, 0, 1, 0, 1, 1, 0, 0, 1, 0, 1, 0, 1, 1, 1, 0, 1, 0, 0, 0, 1, 0, 1, 1, 1, 0, 0, 1, 1, 1, 1, 0, 1, 0, 0, 1, 1, 0, 1, 0, 0, 0, 1, 0, 0, 0, 1, 0, 1, 0, 0, 0, 0, 0, 1, 1, 1, 0, 1, 0, 1, 1, 0, 1, 1, 0, 1, 1, 1, 1, 1, 0, 0, 0, 0, 1, 1, 1, 0, 1, 0, 0, 1]
 
Solution: 
	 car_confs =   
 	[11, 19, 18, 24, 18, 17, 18, 17, 18, 12, 18, 17, 18, 17, 10, 25, 11, 25, 7, 8, 25, 11, 25, 7, 8, 5, 17, 9, 5, 8, 5, 3, 18, 3, 5, 8, 3, 2, 15, 2, 2, 8, 2, 2, 6, 2, 2, 6, 2, 2, 6, 2, 2, 6, 2, 2, 6, 2, 2, 6, 2, 2, 6, 2, 2, 6, 2, 2, 6, 2, 2, 6, 2, 2, 6, 2, 2, 6, 2, 2, 6, 2, 2, 6, 2, 2, 6, 2, 2, 6, 2, 2, 6, 2, 2, 4, 2, 2, 1, 2, 1, 2, 2, 1, 2, 2, 6, 2, 2, 6, 2, 2, 6, 2, 2, 6, 2, 2, 6, 2, 2, 6, 2, 2, 6, 2, 2, 6, 2, 2, 6, 2, 2, 6, 2, 2, 6, 2, 2, 6, 2, 2, 6, 2, 2, 6, 2, 2, 6, 2, 2, 6, 2, 2, 6, 2, 2, 8, 2, 2, 15, 2, 2, 8, 3, 3, 18, 9, 5, 8, 5, 9, 17, 5, 8, 5, 15, 11, 25, 8, 18, 17, 7, 25, 8, 18, 17, 17, 18, 12, 18, 17, 17, 18, 24, 18, 17, 18, 19, 13]
	 objective =   	6
----------
/home/frekn832/fznparser/test/mzn-challenge/carseq/carseq_set_1/car_10.dzn
Problem description: 
	 permuatation = [101, 100, 102, 99, 103, 98, 104, 97, 105, 96, 106, 95, 107, 94, 108, 93, 109, 92, 110, 91, 111, 90, 112, 89, 113, 88, 114, 87, 115, 86, 116, 85, 117, 84, 118, 83, 119, 82, 120, 81, 121, 80, 122, 79, 123, 78, 124, 77, 125, 76, 126, 75, 127, 74, 128, 73, 129, 72, 130, 71, 131, 70, 132, 69, 133, 68, 134, 67, 135, 66, 136, 65, 137, 64, 138, 63, 139, 62, 140, 61, 141, 60, 142, 59, 143, 58, 144, 57, 145, 56, 146, 55, 147, 54, 148, 53, 149, 52, 150, 51, 151, 50, 152, 49, 153, 48, 154, 47, 155, 46, 156, 45, 157, 44, 158, 43, 159, 42, 160, 41, 161, 40, 162, 39, 163, 38, 164, 37, 165, 36, 166, 35, 167, 34, 168, 33, 169, 32, 170, 31, 171, 30, 172, 29, 173, 28, 174, 27, 175, 26, 176, 25, 177, 24, 178, 23, 179, 22, 180, 21, 181, 20, 182, 19, 183, 18, 184, 17, 185, 16, 186, 15, 187, 14, 188, 13, 189, 12, 190, 11, 191, 10, 192, 9, 193, 8, 194, 7, 195, 6, 196, 5, 197, 4, 198, 3, 199, 2, 200, 1]
	 number of cars = 200
	 number of options =  5
	 number of configurations =  17
	 k =  [2, 3, 3, 5, 5]
	 min capacity =  [0, 0, 0, 0, 0]
	 max capacity =  [1, 2, 1, 2, 1]
	 number of cars in configurations  =  [2, 2, 4, 1, 30, 1, 1, 39, 54, 1, 2, 3, 1, 53, 1, 1, 4]
	 confs  =   
 	[1, 0, 1, 1, 0, 1, 0, 0, 0, 1, 1, 1, 0, 0, 0, 1, 1, 1, 0, 0, 0, 0, 0, 0, 1, 1, 1, 0, 1, 0, 1, 0, 1, 0, 1, 0, 0, 1, 0, 0, 0, 0, 0, 1, 0, 0, 1, 1, 0, 1, 0, 0, 1, 1, 0, 1, 0, 1, 0, 0, 1, 0, 0, 1, 1, 0, 1, 0, 0, 0, 0, 1, 1, 0, 0, 0, 1, 0, 0, 1, 1, 0, 0, 0, 0]
 
Solution: 
	 car_confs =   
 	[14, 18, 14, 14, 18, 14, 14, 18, 14, 14, 17, 10, 14, 17, 14, 14, 7, 14, 14, 11, 9, 14, 14, 5, 9, 9, 14, 12, 5, 9, 9, 8, 14, 5, 8, 9, 9, 8, 5, 14, 9, 8, 9, 5, 8, 9, 14, 8, 5, 9, 9, 8, 14, 5, 8, 9, 9, 8, 5, 14, 9, 8, 9, 5, 8, 9, 14, 8, 5, 9, 9, 8, 14, 5, 8, 9, 9, 8, 5, 14, 9, 8, 9, 5, 8, 9, 14, 8, 2, 9, 9, 4, 14, 5, 1, 9, 3, 8, 3, 5, 1, 9, 3, 8, 2, 9, 3, 8, 6, 5, 8, 9, 14, 8, 5, 9, 8, 9, 14, 5, 8, 9, 9, 8, 5, 14, 8, 9, 9, 5, 8, 14, 9, 8, 5, 9, 8, 9, 14, 5, 8, 9, 9, 8, 5, 14, 8, 9, 9, 5, 8, 14, 9, 8, 5, 9, 8, 9, 14, 5, 8, 9, 9, 8, 5, 14, 8, 9, 9, 5, 12, 14, 9, 9, 5, 12, 14, 9, 9, 5, 14, 14, 11, 14, 13, 14, 14, 17, 14, 14, 17, 14, 14, 18, 14, 14, 18, 14, 14, 18]
	 objective =   	6
----------
/home/frekn832/fznparser/test/mzn-challenge/carseq/carseq_set_1/car_11.dzn
Problem description: 
	 permuatation = [101, 100, 102, 99, 103, 98, 104, 97, 105, 96, 106, 95, 107, 94, 108, 93, 109, 92, 110, 91, 111, 90, 112, 89, 113, 88, 114, 87, 115, 86, 116, 85, 117, 84, 118, 83, 119, 82, 120, 81, 121, 80, 122, 79, 123, 78, 124, 77, 125, 76, 126, 75, 127, 74, 128, 73, 129, 72, 130, 71, 131, 70, 132, 69, 133, 68, 134, 67, 135, 66, 136, 65, 137, 64, 138, 63, 139, 62, 140, 61, 141, 60, 142, 59, 143, 58, 144, 57, 145, 56, 146, 55, 147, 54, 148, 53, 149, 52, 150, 51, 151, 50, 152, 49, 153, 48, 154, 47, 155, 46, 156, 45, 157, 44, 158, 43, 159, 42, 160, 41, 161, 40, 162, 39, 163, 38, 164, 37, 165, 36, 166, 35, 167, 34, 168, 33, 169, 32, 170, 31, 171, 30, 172, 29, 173, 28, 174, 27, 175, 26, 176, 25, 177, 24, 178, 23, 179, 22, 180, 21, 181, 20, 182, 19, 183, 18, 184, 17, 185, 16, 186, 15, 187, 14, 188, 13, 189, 12, 190, 11, 191, 10, 192, 9, 193, 8, 194, 7, 195, 6, 196, 5, 197, 4, 198, 3, 199, 2, 200, 1]
	 number of cars = 200
	 number of options =  5
	 number of configurations =  24
	 k =  [2, 3, 3, 5, 5]
	 min capacity =  [0, 0, 0, 0, 0]
	 max capacity =  [1, 2, 1, 2, 1]
	 number of cars in configurations  =  [1, 2, 48, 1, 1, 1, 6, 1, 4, 32, 1, 58, 1, 4, 4, 2, 6, 12, 1, 1, 3, 1, 1, 8]
	 confs  =   
 	[1, 1, 1, 1, 0, 1, 0, 0, 0, 1, 0, 0, 0, 1, 0, 1, 1, 1, 0, 1, 0, 1, 0, 1, 1, 1, 1, 0, 1, 0, 0, 1, 0, 1, 0, 0, 0, 1, 0, 1, 1, 0, 0, 1, 0, 0, 0, 1, 0, 0, 1, 1, 1, 0, 0, 0, 1, 0, 0, 0, 0, 0, 1, 1, 0, 1, 0, 1, 0, 0, 0, 1, 1, 0, 0, 1, 1, 0, 0, 1, 0, 0, 0, 0, 1, 1, 0, 0, 0, 0, 1, 0, 0, 1, 1, 0, 1, 0, 0, 1, 0, 1, 1, 1, 0, 0, 0, 0, 1, 1, 0, 1, 1, 1, 1, 1, 1, 0, 0, 0]
 
Solution: 
	 car_confs =   
 	[24, 17, 24, 21, 18, 25, 24, 21, 18, 17, 14, 25, 18, 15, 18, 17, 15, 18, 25, 11, 25, 16, 10, 12, 7, 10, 12, 12, 10, 7, 9, 12, 12, 10, 7, 9, 12, 12, 10, 5, 3, 12, 12, 10, 3, 3, 12, 12, 10, 3, 3, 12, 12, 10, 3, 3, 12, 12, 10, 3, 3, 12, 12, 10, 3, 3, 12, 12, 10, 3, 3, 12, 12, 10, 3, 3, 12, 12, 10, 3, 3, 12, 12, 10, 3, 3, 12, 12, 10, 3, 3, 12, 10, 2, 3, 3, 12, 10, 2, 3, 1, 12, 18, 8, 3, 3, 10, 12, 12, 3, 3, 4, 12, 18, 3, 3, 10, 12, 12, 3, 3, 10, 12, 12, 3, 3, 10, 12, 12, 3, 3, 10, 12, 12, 3, 3, 10, 12, 12, 3, 3, 10, 12, 12, 3, 3, 10, 12, 12, 3, 3, 10, 12, 12, 3, 3, 10, 12, 12, 3, 3, 10, 12, 12, 9, 7, 10, 12, 12, 9, 7, 10, 12, 12, 10, 6, 7, 10, 12, 16, 13, 18, 25, 14, 17, 18, 15, 18, 25, 14, 17, 18, 15, 24, 25, 14, 17, 18, 21, 24]
	 objective =   	7
----------
/home/frekn832/fznparser/test/mzn-challenge/carseq/carseq_set_1/car_12.dzn
Problem description: 
	 permuatation = [101, 100, 102, 99, 103, 98, 104, 97, 105, 96, 106, 95, 107, 94, 108, 93, 109, 92, 110, 91, 111, 90, 112, 89, 113, 88, 114, 87, 115, 86, 116, 85, 117, 84, 118, 83, 119, 82, 120, 81, 121, 80, 122, 79, 123, 78, 124, 77, 125, 76, 126, 75, 127, 74, 128, 73, 129, 72, 130, 71, 131, 70, 132, 69, 133, 68, 134, 67, 135, 66, 136, 65, 137, 64, 138, 63, 139, 62, 140, 61, 141, 60, 142, 59, 143, 58, 144, 57, 145, 56, 146, 55, 147, 54, 148, 53, 149, 52, 150, 51, 151, 50, 152, 49, 153, 48, 154, 47, 155, 46, 156, 45, 157, 44, 158, 43, 159, 42, 160, 41, 161, 40, 162, 39, 163, 38, 164, 37, 165, 36, 166, 35, 167, 34, 168, 33, 169, 32, 170, 31, 171, 30, 172, 29, 173, 28, 174, 27, 175, 26, 176, 25, 177, 24, 178, 23, 179, 22, 180, 21, 181, 20, 182, 19, 183, 18, 184, 17, 185, 16, 186, 15, 187, 14, 188, 13, 189, 12, 190, 11, 191, 10, 192, 9, 193, 8, 194, 7, 195, 6, 196, 5, 197, 4, 198, 3, 199, 2, 200, 1]
	 number of cars = 200
	 number of options =  5
	 number of configurations =  18
	 k =  [2, 3, 3, 5, 5]
	 min capacity =  [0, 0, 0, 0, 0]
	 max capacity =  [1, 2, 1, 2, 1]
	 number of cars in configurations  =  [30, 1, 7, 4, 1, 1, 2, 3, 7, 3, 8, 73, 2, 3, 33, 17, 1, 4]
	 confs  =   
 	[0, 0, 0, 0, 1, 0, 1, 1, 0, 1, 0, 1, 0, 1, 0, 1, 0, 1, 0, 0, 0, 0, 0, 1, 1, 0, 1, 1, 0, 0, 0, 0, 1, 0, 1, 1, 1, 1, 0, 0, 1, 1, 0, 0, 0, 0, 1, 1, 1, 0, 0, 0, 1, 1, 0, 0, 1, 0, 0, 0, 1, 0, 0, 1, 0, 0, 1, 0, 0, 1, 1, 0, 0, 0, 0, 0, 0, 0, 1, 0, 1, 0, 1, 1, 0, 0, 0, 1, 0, 0]
 
Solution: 
	 car_confs =   
 	[19, 16, 18, 16, 19, 18, 16, 15, 16, 15, 14, 16, 15, 16, 15, 7, 15, 16, 15, 12, 5, 12, 15, 12, 12, 1, 12, 15, 12, 12, 1, 12, 15, 12, 12, 1, 12, 15, 12, 12, 1, 12, 15, 12, 12, 1, 12, 15, 12, 12, 1, 12, 15, 12, 12, 1, 12, 15, 12, 12, 1, 12, 15, 12, 12, 1, 11, 12, 12, 11, 1, 12, 12, 11, 9, 1, 11, 15, 12, 8, 1, 12, 13, 10, 9, 1, 8, 16, 9, 6, 1, 3, 12, 4, 3, 1, 3, 12, 4, 3, 1, 3, 4, 12, 3, 1, 3, 4, 12, 9, 1, 8, 12, 13, 10, 1, 9, 12, 11, 9, 1, 9, 10, 15, 12, 1, 11, 12, 12, 11, 1, 12, 11, 12, 12, 1, 12, 12, 15, 12, 1, 12, 12, 15, 12, 1, 12, 12, 15, 12, 1, 12, 12, 15, 12, 1, 12, 12, 15, 12, 1, 12, 12, 15, 12, 1, 12, 12, 15, 12, 1, 12, 12, 15, 12, 2, 15, 12, 12, 15, 7, 12, 15, 16, 15, 14, 15, 16, 15, 16, 14, 15, 16, 15, 16, 18, 19, 16, 18, 16]
	 objective =   	3
----------
/home/frekn832/fznparser/test/mzn-challenge/carseq/carseq_set_1/car_13.dzn
Problem description: 
	 permuatation = [101, 100, 102, 99, 103, 98, 104, 97, 105, 96, 106, 95, 107, 94, 108, 93, 109, 92, 110, 91, 111, 90, 112, 89, 113, 88, 114, 87, 115, 86, 116, 85, 117, 84, 118, 83, 119, 82, 120, 81, 121, 80, 122, 79, 123, 78, 124, 77, 125, 76, 126, 75, 127, 74, 128, 73, 129, 72, 130, 71, 131, 70, 132, 69, 133, 68, 134, 67, 135, 66, 136, 65, 137, 64, 138, 63, 139, 62, 140, 61, 141, 60, 142, 59, 143, 58, 144, 57, 145, 56, 146, 55, 147, 54, 148, 53, 149, 52, 150, 51, 151, 50, 152, 49, 153, 48, 154, 47, 155, 46, 156, 45, 157, 44, 158, 43, 159, 42, 160, 41, 161, 40, 162, 39, 163, 38, 164, 37, 165, 36, 166, 35, 167, 34, 168, 33, 169, 32, 170, 31, 171, 30, 172, 29, 173, 28, 174, 27, 175, 26, 176, 25, 177, 24, 178, 23, 179, 22, 180, 21, 181, 20, 182, 19, 183, 18, 184, 17, 185, 16, 186, 15, 187, 14, 188, 13, 189, 12, 190, 11, 191, 10, 192, 9, 193, 8, 194, 7, 195, 6, 196, 5, 197, 4, 198, 3, 199, 2, 200, 1]
	 number of cars = 200
	 number of options =  5
	 number of configurations =  20
	 k =  [2, 3, 3, 5, 5]
	 min capacity =  [0, 0, 0, 0, 0]
	 max capacity =  [1, 2, 1, 2, 1]
	 number of cars in configurations  =  [3, 1, 63, 6, 1, 2, 43, 1, 2, 7, 1, 16, 2, 31, 6, 2, 9, 1, 2, 1]
	 confs  =   
 	[0, 1, 0, 1, 1, 0, 1, 1, 0, 0, 1, 0, 0, 0, 0, 1, 1, 0, 0, 0, 1, 0, 1, 1, 0, 1, 0, 0, 0, 1, 0, 0, 0, 1, 0, 1, 1, 1, 0, 0, 0, 1, 1, 1, 0, 1, 0, 1, 0, 0, 1, 1, 1, 1, 0, 0, 0, 0, 0, 1, 1, 1, 0, 1, 0, 0, 1, 0, 0, 0, 0, 1, 0, 1, 0, 0, 0, 1, 1, 0, 0, 0, 1, 0, 0, 0, 1, 1, 1, 1, 1, 1, 0, 0, 1, 0, 1, 0, 0, 1]
 
Solution: 
	 car_confs =   
 	[20, 17, 15, 15, 17, 19, 14, 17, 15, 14, 17, 14, 14, 16, 14, 14, 10, 14, 14, 10, 14, 14, 10, 21, 13, 9, 6, 14, 4, 16, 4, 14, 5, 14, 4, 7, 3, 7, 3, 14, 3, 7, 3, 7, 3, 12, 3, 7, 3, 7, 3, 12, 3, 7, 3, 7, 3, 12, 3, 7, 3, 7, 3, 12, 3, 7, 3, 7, 3, 12, 3, 7, 3, 7, 3, 12, 3, 7, 3, 7, 3, 12, 3, 7, 3, 7, 3, 12, 3, 7, 3, 7, 3, 14, 3, 1, 3, 7, 3, 2, 1, 3, 7, 3, 14, 1, 3, 7, 3, 14, 3, 7, 3, 7, 3, 12, 3, 7, 3, 7, 3, 12, 3, 7, 3, 7, 3, 12, 3, 7, 3, 7, 3, 12, 3, 7, 3, 7, 3, 12, 3, 7, 3, 7, 3, 12, 3, 7, 3, 7, 3, 12, 3, 7, 3, 7, 3, 12, 3, 7, 3, 7, 3, 14, 4, 7, 4, 7, 4, 14, 6, 9, 13, 21, 8, 14, 21, 10, 14, 14, 10, 14, 14, 10, 14, 14, 10, 14, 14, 17, 14, 14, 17, 14, 15, 17, 15, 19, 17, 15]
	 objective =   	3
----------
/home/frekn832/fznparser/test/mzn-challenge/carseq/carseq_set_1/car_14.dzn
Problem description: 
	 permuatation = [101, 100, 102, 99, 103, 98, 104, 97, 105, 96, 106, 95, 107, 94, 108, 93, 109, 92, 110, 91, 111, 90, 112, 89, 113, 88, 114, 87, 115, 86, 116, 85, 117, 84, 118, 83, 119, 82, 120, 81, 121, 80, 122, 79, 123, 78, 124, 77, 125, 76, 126, 75, 127, 74, 128, 73, 129, 72, 130, 71, 131, 70, 132, 69, 133, 68, 134, 67, 135, 66, 136, 65, 137, 64, 138, 63, 139, 62, 140, 61, 141, 60, 142, 59, 143, 58, 144, 57, 145, 56, 146, 55, 147, 54, 148, 53, 149, 52, 150, 51, 151, 50, 152, 49, 153, 48, 154, 47, 155, 46, 156, 45, 157, 44, 158, 43, 159, 42, 160, 41, 161, 40, 162, 39, 163, 38, 164, 37, 165, 36, 166, 35, 167, 34, 168, 33, 169, 32, 170, 31, 171, 30, 172, 29, 173, 28, 174, 27, 175, 26, 176, 25, 177, 24, 178, 23, 179, 22, 180, 21, 181, 20, 182, 19, 183, 18, 184, 17, 185, 16, 186, 15, 187, 14, 188, 13, 189, 12, 190, 11, 191, 10, 192, 9, 193, 8, 194, 7, 195, 6, 196, 5, 197, 4, 198, 3, 199, 2, 200, 1]
	 number of cars = 200
	 number of options =  5
	 number of configurations =  24
	 k =  [2, 3, 3, 5, 5]
	 min capacity =  [0, 0, 0, 0, 0]
	 max capacity =  [1, 2, 1, 2, 1]
	 number of cars in configurations  =  [1, 50, 1, 1, 45, 8, 2, 2, 2, 4, 2, 4, 1, 1, 2, 44, 7, 7, 1, 1, 2, 2, 9, 1]
	 confs  =   
 	[1, 1, 0, 0, 1, 0, 0, 0, 1, 0, 0, 1, 0, 0, 1, 1, 0, 0, 0, 1, 1, 0, 0, 0, 0, 1, 1, 0, 0, 0, 0, 0, 1, 1, 0, 0, 0, 0, 1, 1, 1, 0, 0, 1, 0, 0, 1, 1, 0, 0, 0, 0, 1, 1, 1, 1, 1, 1, 0, 0, 0, 1, 1, 1, 1, 0, 1, 1, 1, 0, 1, 0, 1, 1, 0, 0, 1, 0, 0, 0, 0, 0, 0, 0, 1, 0, 1, 0, 1, 0, 1, 0, 1, 0, 0, 1, 1, 1, 0, 1, 1, 1, 0, 1, 0, 0, 1, 0, 1, 1, 0, 0, 1, 0, 0, 0, 0, 1, 0, 1]
 
Solution: 
	 car_confs =   
 	[20, 25, 18, 23, 18, 17, 25, 23, 18, 18, 17, 16, 16, 19, 16, 16, 17, 16, 12, 25, 16, 12, 17, 16, 16, 15, 16, 16, 11, 6, 16, 9, 16, 6, 8, 6, 7, 16, 6, 2, 5, 2, 16, 5, 2, 5, 2, 16, 5, 2, 5, 2, 16, 5, 2, 5, 2, 16, 5, 2, 5, 2, 16, 5, 2, 5, 2, 16, 5, 2, 5, 2, 16, 5, 2, 5, 2, 16, 5, 2, 5, 2, 16, 5, 2, 5, 2, 16, 5, 2, 5, 2, 10, 5, 2, 3, 2, 10, 5, 2, 1, 2, 5, 10, 2, 4, 2, 5, 10, 2, 5, 2, 5, 16, 2, 5, 2, 5, 16, 2, 5, 2, 5, 16, 2, 5, 2, 5, 16, 2, 5, 2, 5, 16, 2, 5, 2, 5, 16, 2, 5, 2, 5, 16, 2, 5, 2, 5, 16, 2, 5, 2, 5, 16, 2, 5, 2, 5, 16, 2, 6, 2, 6, 16, 7, 6, 8, 6, 16, 9, 16, 11, 16, 16, 15, 16, 16, 17, 12, 16, 25, 12, 16, 17, 14, 16, 25, 16, 13, 25, 18, 23, 25, 17, 18, 23, 18, 25, 23, 21]
	 objective =   	8
----------
/home/frekn832/fznparser/test/mzn-challenge/carseq/carseq_set_1/car_15.dzn
Problem description: 
	 permuatation = [101, 100, 102, 99, 103, 98, 104, 97, 105, 96, 106, 95, 107, 94, 108, 93, 109, 92, 110, 91, 111, 90, 112, 89, 113, 88, 114, 87, 115, 86, 116, 85, 117, 84, 118, 83, 119, 82, 120, 81, 121, 80, 122, 79, 123, 78, 124, 77, 125, 76, 126, 75, 127, 74, 128, 73, 129, 72, 130, 71, 131, 70, 132, 69, 133, 68, 134, 67, 135, 66, 136, 65, 137, 64, 138, 63, 139, 62, 140, 61, 141, 60, 142, 59, 143, 58, 144, 57, 145, 56, 146, 55, 147, 54, 148, 53, 149, 52, 150, 51, 151, 50, 152, 49, 153, 48, 154, 47, 155, 46, 156, 45, 157, 44, 158, 43, 159, 42, 160, 41, 161, 40, 162, 39, 163, 38, 164, 37, 165, 36, 166, 35, 167, 34, 168, 33, 169, 32, 170, 31, 171, 30, 172, 29, 173, 28, 174, 27, 175, 26, 176, 25, 177, 24, 178, 23, 179, 22, 180, 21, 181, 20, 182, 19, 183, 18, 184, 17, 185, 16, 186, 15, 187, 14, 188, 13, 189, 12, 190, 11, 191, 10, 192, 9, 193, 8, 194, 7, 195, 6, 196, 5, 197, 4, 198, 3, 199, 2, 200, 1]
	 number of cars = 200
	 number of options =  5
	 number of configurations =  21
	 k =  [2, 3, 3, 5, 5]
	 min capacity =  [0, 0, 0, 0, 0]
	 max capacity =  [1, 2, 1, 2, 1]
	 number of cars in configurations  =  [82, 20, 2, 3, 3, 1, 2, 28, 1, 2, 17, 2, 5, 12, 5, 4, 2, 1, 1, 5, 2]
	 confs  =   
 	[0, 1, 0, 0, 0, 0, 0, 0, 0, 1, 1, 1, 1, 1, 0, 0, 1, 0, 0, 1, 0, 1, 1, 1, 0, 1, 0, 1, 0, 1, 1, 1, 0, 1, 0, 0, 0, 0, 1, 0, 1, 1, 0, 1, 1, 1, 0, 1, 0, 0, 0, 0, 1, 0, 0, 1, 1, 0, 0, 1, 1, 1, 0, 0, 0, 1, 0, 0, 0, 0, 0, 1, 1, 0, 0, 1, 1, 1, 0, 0, 1, 0, 0, 1, 0, 0, 0, 1, 1, 0, 1, 0, 1, 1, 0, 0, 1, 0, 1, 0, 1, 0, 0, 0, 1]
 
Solution: 
	 car_confs =   
 	[21, 11, 17, 22, 14, 11, 22, 14, 11, 22, 14, 11, 20, 14, 11, 20, 13, 11, 9, 22, 14, 5, 13, 8, 11, 22, 12, 5, 8, 22, 10, 4, 8, 7, 11, 14, 4, 3, 8, 1, 1, 2, 1, 1, 8, 1, 1, 2, 1, 1, 8, 1, 1, 2, 1, 1, 8, 1, 1, 2, 1, 1, 8, 1, 1, 2, 1, 1, 8, 1, 1, 2, 1, 1, 8, 1, 1, 2, 1, 1, 8, 1, 1, 2, 1, 1, 8, 1, 1, 2, 1, 1, 8, 1, 1, 2, 1, 1, 8, 1, 1, 2, 1, 1, 8, 1, 1, 2, 1, 1, 8, 1, 1, 2, 1, 1, 8, 1, 1, 2, 1, 1, 8, 1, 1, 2, 1, 1, 8, 1, 1, 2, 1, 1, 8, 1, 1, 2, 1, 1, 8, 1, 1, 2, 1, 1, 8, 1, 1, 2, 1, 1, 8, 1, 1, 2, 1, 1, 8, 1, 1, 6, 8, 7, 11, 13, 4, 8, 3, 22, 13, 11, 8, 8, 10, 22, 12, 5, 14, 20, 11, 13, 20, 11, 14, 20, 11, 14, 22, 11, 14, 22, 11, 14, 22, 11, 14, 22, 11, 17]
	 objective =   	12
----------
/home/frekn832/fznparser/test/mzn-challenge/carseq/carseq_set_1/car_16.dzn
Problem description: 
	 permuatation = [101, 100, 102, 99, 103, 98, 104, 97, 105, 96, 106, 95, 107, 94, 108, 93, 109, 92, 110, 91, 111, 90, 112, 89, 113, 88, 114, 87, 115, 86, 116, 85, 117, 84, 118, 83, 119, 82, 120, 81, 121, 80, 122, 79, 123, 78, 124, 77, 125, 76, 126, 75, 127, 74, 128, 73, 129, 72, 130, 71, 131, 70, 132, 69, 133, 68, 134, 67, 135, 66, 136, 65, 137, 64, 138, 63, 139, 62, 140, 61, 141, 60, 142, 59, 143, 58, 144, 57, 145, 56, 146, 55, 147, 54, 148, 53, 149, 52, 150, 51, 151, 50, 152, 49, 153, 48, 154, 47, 155, 46, 156, 45, 157, 44, 158, 43, 159, 42, 160, 41, 161, 40, 162, 39, 163, 38, 164, 37, 165, 36, 166, 35, 167, 34, 168, 33, 169, 32, 170, 31, 171, 30, 172, 29, 173, 28, 174, 27, 175, 26, 176, 25, 177, 24, 178, 23, 179, 22, 180, 21, 181, 20, 182, 19, 183, 18, 184, 17, 185, 16, 186, 15, 187, 14, 188, 13, 189, 12, 190, 11, 191, 10, 192, 9, 193, 8, 194, 7, 195, 6, 196, 5, 197, 4, 198, 3, 199, 2, 200, 1]
	 number of cars = 200
	 number of options =  5
	 number of configurations =  21
	 k =  [2, 3, 3, 5, 5]
	 min capacity =  [0, 0, 0, 0, 0]
	 max capacity =  [1, 2, 1, 2, 1]
	 number of cars in configurations  =  [1, 1, 46, 4, 9, 63, 4, 13, 2, 2, 11, 4, 1, 1, 17, 9, 1, 1, 1, 4, 5]
	 confs  =   
 	[1, 1, 0, 1, 0, 0, 0, 0, 1, 1, 0, 0, 0, 1, 0, 1, 0, 0, 1, 0, 1, 1, 0, 0, 0, 0, 1, 0, 0, 0, 0, 0, 1, 1, 0, 0, 0, 0, 0, 1, 1, 1, 1, 0, 0, 1, 0, 1, 0, 0, 0, 1, 0, 1, 0, 1, 0, 0, 0, 1, 1, 0, 1, 1, 0, 0, 1, 1, 0, 1, 1, 0, 0, 0, 0, 0, 0, 1, 0, 0, 1, 1, 1, 1, 0, 1, 1, 1, 0, 1, 0, 1, 1, 1, 0, 0, 1, 1, 0, 0, 0, 1, 0, 0, 1]
 
Solution: 
	 car_confs =   
 	[22, 16, 22, 21, 16, 22, 22, 16, 11, 21, 16, 15, 11, 11, 15, 16, 15, 11, 11, 22, 9, 6, 15, 6, 6, 15, 6, 6, 7, 6, 6, 7, 6, 6, 4, 6, 15, 6, 6, 4, 3, 15, 6, 6, 3, 3, 15, 6, 6, 3, 3, 15, 6, 6, 3, 3, 12, 6, 6, 3, 3, 12, 6, 6, 3, 3, 8, 6, 6, 3, 3, 8, 6, 6, 3, 3, 8, 6, 5, 3, 3, 8, 6, 5, 3, 3, 8, 6, 5, 3, 3, 8, 6, 5, 3, 3, 10, 6, 5, 2, 1, 6, 10, 6, 3, 3, 5, 6, 8, 3, 3, 5, 6, 8, 3, 3, 5, 6, 8, 3, 3, 5, 6, 8, 3, 3, 6, 6, 8, 3, 3, 6, 6, 8, 3, 3, 6, 6, 8, 3, 3, 6, 6, 12, 3, 3, 6, 6, 12, 3, 3, 6, 6, 15, 3, 3, 6, 6, 15, 3, 4, 6, 6, 15, 6, 4, 6, 6, 7, 6, 6, 7, 6, 6, 13, 6, 6, 15, 6, 9, 22, 11, 11, 15, 14, 15, 11, 11, 15, 16, 15, 11, 16, 11, 21, 16, 22, 22, 16, 21]
	 objective =   	8
----------
/home/frekn832/fznparser/test/mzn-challenge/carseq/carseq_set_1/car_17.dzn
Problem description: 
	 permuatation = [101, 100, 102, 99, 103, 98, 104, 97, 105, 96, 106, 95, 107, 94, 108, 93, 109, 92, 110, 91, 111, 90, 112, 89, 113, 88, 114, 87, 115, 86, 116, 85, 117, 84, 118, 83, 119, 82, 120, 81, 121, 80, 122, 79, 123, 78, 124, 77, 125, 76, 126, 75, 127, 74, 128, 73, 129, 72, 130, 71, 131, 70, 132, 69, 133, 68, 134, 67, 135, 66, 136, 65, 137, 64, 138, 63, 139, 62, 140, 61, 141, 60, 142, 59, 143, 58, 144, 57, 145, 56, 146, 55, 147, 54, 148, 53, 149, 52, 150, 51, 151, 50, 152, 49, 153, 48, 154, 47, 155, 46, 156, 45, 157, 44, 158, 43, 159, 42, 160, 41, 161, 40, 162, 39, 163, 38, 164, 37, 165, 36, 166, 35, 167, 34, 168, 33, 169, 32, 170, 31, 171, 30, 172, 29, 173, 28, 174, 27, 175, 26, 176, 25, 177, 24, 178, 23, 179, 22, 180, 21, 181, 20, 182, 19, 183, 18, 184, 17, 185, 16, 186, 15, 187, 14, 188, 13, 189, 12, 190, 11, 191, 10, 192, 9, 193, 8, 194, 7, 195, 6, 196, 5, 197, 4, 198, 3, 199, 2, 200, 1]
	 number of cars = 200
	 number of options =  5
	 number of configurations =  19
	 k =  [2, 3, 3, 5, 5]
	 min capacity =  [0, 0, 0, 0, 0]
	 max capacity =  [1, 2, 1, 2, 1]
	 number of cars in configurations  =  [7, 56, 2, 2, 33, 39, 3, 1, 7, 1, 4, 1, 1, 24, 8, 7, 2, 1, 1]
	 confs  =   
 	[0, 1, 1, 0, 0, 0, 0, 0, 1, 0, 0, 1, 0, 1, 1, 1, 1, 1, 0, 0, 0, 0, 1, 0, 0, 1, 0, 0, 0, 0, 1, 0, 0, 0, 1, 1, 1, 0, 0, 1, 1, 1, 0, 0, 0, 0, 0, 1, 1, 0, 1, 0, 1, 0, 0, 1, 0, 1, 0, 1, 0, 1, 1, 1, 1, 0, 1, 0, 0, 0, 0, 1, 0, 1, 0, 0, 0, 0, 0, 1, 0, 1, 1, 1, 0, 1, 0, 0, 1, 0, 0, 0, 0, 1, 1]
 
Solution: 
	 car_confs =   
 	[15, 16, 15, 14, 20, 15, 14, 16, 14, 14, 20, 14, 13, 18, 14, 14, 20, 8, 14, 11, 14, 9, 20, 9, 3, 11, 14, 9, 10, 7, 2, 5, 6, 2, 5, 2, 6, 5, 2, 6, 2, 5, 6, 2, 5, 2, 6, 5, 2, 6, 2, 5, 6, 2, 5, 2, 6, 5, 2, 6, 2, 5, 6, 2, 5, 2, 6, 5, 2, 6, 2, 5, 6, 2, 5, 2, 6, 5, 2, 6, 2, 5, 6, 2, 5, 2, 14, 4, 2, 6, 2, 1, 6, 2, 1, 6, 2, 1, 6, 2, 1, 2, 6, 1, 2, 6, 1, 2, 6, 1, 2, 6, 2, 4, 14, 2, 5, 2, 6, 5, 2, 6, 2, 5, 6, 2, 5, 2, 6, 5, 2, 6, 2, 5, 6, 2, 5, 2, 6, 5, 2, 6, 2, 5, 6, 2, 5, 2, 6, 5, 2, 6, 2, 5, 6, 2, 5, 2, 6, 5, 2, 6, 2, 5, 6, 2, 5, 2, 7, 14, 2, 9, 14, 7, 14, 9, 20, 9, 3, 11, 14, 9, 20, 11, 14, 14, 12, 14, 14, 20, 14, 14, 16, 14, 15, 20, 14, 15, 16, 15]
	 objective =   	8
----------
/home/frekn832/fznparser/test/mzn-challenge/carseq/carseq_set_1/car_18.dzn
Problem description: 
	 permuatation = [101, 100, 102, 99, 103, 98, 104, 97, 105, 96, 106, 95, 107, 94, 108, 93, 109, 92, 110, 91, 111, 90, 112, 89, 113, 88, 114, 87, 115, 86, 116, 85, 117, 84, 118, 83, 119, 82, 120, 81, 121, 80, 122, 79, 123, 78, 124, 77, 125, 76, 126, 75, 127, 74, 128, 73, 129, 72, 130, 71, 131, 70, 132, 69, 133, 68, 134, 67, 135, 66, 136, 65, 137, 64, 138, 63, 139, 62, 140, 61, 141, 60, 142, 59, 143, 58, 144, 57, 145, 56, 146, 55, 147, 54, 148, 53, 149, 52, 150, 51, 151, 50, 152, 49, 153, 48, 154, 47, 155, 46, 156, 45, 157, 44, 158, 43, 159, 42, 160, 41, 161, 40, 162, 39, 163, 38, 164, 37, 165, 36, 166, 35, 167, 34, 168, 33, 169, 32, 170, 31, 171, 30, 172, 29, 173, 28, 174, 27, 175, 26, 176, 25, 177, 24, 178, 23, 179, 22, 180, 21, 181, 20, 182, 19, 183, 18, 184, 17, 185, 16, 186, 15, 187, 14, 188, 13, 189, 12, 190, 11, 191, 10, 192, 9, 193, 8, 194, 7, 195, 6, 196, 5, 197, 4, 198, 3, 199, 2, 200, 1]
	 number of cars = 200
	 number of options =  5
	 number of configurations =  24
	 k =  [2, 3, 3, 5, 5]
	 min capacity =  [0, 0, 0, 0, 0]
	 max capacity =  [1, 2, 1, 2, 1]
	 number of cars in configurations  =  [1, 1, 1, 2, 70, 2, 4, 2, 3, 2, 1, 4, 33, 15, 13, 23, 3, 1, 3, 3, 4, 1, 6, 2]
	 confs  =   
 	[0, 0, 1, 1, 1, 1, 1, 1, 0, 1, 0, 1, 1, 1, 0, 0, 1, 1, 0, 1, 0, 1, 0, 0, 0, 0, 1, 0, 0, 1, 0, 0, 0, 1, 1, 1, 0, 1, 1, 0, 1, 0, 0, 0, 1, 1, 1, 1, 0, 0, 1, 1, 0, 1, 0, 1, 0, 1, 0, 0, 1, 0, 0, 0, 0, 1, 1, 0, 0, 0, 0, 0, 1, 0, 0, 0, 0, 0, 1, 0, 0, 1, 1, 0, 0, 1, 0, 0, 1, 1, 0, 0, 1, 1, 0, 1, 0, 0, 1, 0, 0, 1, 0, 1, 0, 0, 0, 1, 0, 1, 0, 0, 0, 0, 1, 1, 1, 1, 1, 0]
 
Solution: 
	 car_confs =   
 	[25, 23, 25, 20, 19, 25, 23, 25, 16, 16, 25, 23, 17, 16, 16, 14, 15, 14, 16, 14, 15, 14, 16, 14, 15, 14, 16, 14, 15, 14, 16, 13, 15, 13, 16, 13, 15, 13, 23, 10, 16, 11, 15, 13, 6, 5, 13, 5, 5, 13, 5, 5, 13, 5, 5, 13, 5, 5, 13, 5, 5, 13, 5, 5, 13, 5, 5, 13, 5, 5, 9, 5, 5, 13, 5, 5, 9, 5, 5, 12, 5, 5, 7, 5, 5, 12, 5, 5, 16, 2, 5, 13, 3, 5, 7, 5, 5, 8, 5, 5, 1, 5, 5, 8, 5, 5, 7, 5, 5, 12, 5, 5, 7, 5, 5, 12, 5, 5, 9, 5, 5, 13, 5, 4, 13, 5, 5, 13, 4, 5, 13, 5, 5, 13, 5, 5, 13, 5, 5, 13, 5, 5, 13, 5, 5, 13, 5, 5, 13, 5, 5, 13, 5, 5, 13, 5, 6, 13, 15, 13, 16, 10, 16, 13, 15, 13, 16, 13, 15, 13, 16, 14, 15, 14, 16, 14, 15, 14, 16, 14, 15, 14, 16, 14, 16, 17, 23, 16, 17, 16, 25, 22, 16, 25, 16, 25, 23, 19, 25, 20]
	 objective =   	9
----------
/home/frekn832/fznparser/test/mzn-challenge/carseq/carseq_set_1/car_19.dzn
Problem description: 
	 permuatation = [51, 50, 52, 49, 53, 48, 54, 47, 55, 46, 56, 45, 57, 44, 58, 43, 59, 42, 60, 41, 61, 40, 62, 39, 63, 38, 64, 37, 65, 36, 66, 35, 67, 34, 68, 33, 69, 32, 70, 31, 71, 30, 72, 29, 73, 28, 74, 27, 75, 26, 76, 25, 77, 24, 78, 23, 79, 22, 80, 21, 81, 20, 82, 19, 83, 18, 84, 17, 85, 16, 86, 15, 87, 14, 88, 13, 89, 12, 90, 11, 91, 10, 92, 9, 93, 8, 94, 7, 95, 6, 96, 5, 97, 4, 98, 3, 99, 2, 100, 1]
	 number of cars = 100
	 number of options =  5
	 number of configurations =  22
	 k =  [2, 3, 3, 5, 5]
	 min capacity =  [0, 0, 0, 0, 0]
	 max capacity =  [1, 2, 1, 2, 1]
	 number of cars in configurations  =  [13, 8, 7, 1, 12, 5, 5, 6, 3, 12, 8, 2, 2, 1, 4, 4, 1, 2, 1, 1, 1, 1]
	 confs  =   
 	[1, 0, 0, 0, 0, 0, 0, 0, 1, 0, 0, 1, 0, 0, 0, 1, 0, 0, 1, 0, 0, 0, 1, 0, 0, 0, 1, 0, 1, 0, 0, 0, 1, 1, 0, 0, 1, 1, 0, 0, 1, 0, 0, 0, 1, 1, 1, 0, 0, 0, 1, 1, 0, 1, 0, 1, 0, 0, 1, 1, 1, 1, 1, 0, 0, 0, 1, 0, 1, 1, 1, 0, 1, 0, 0, 0, 1, 0, 0, 1, 1, 1, 0, 1, 1, 1, 0, 1, 1, 0, 0, 0, 0, 0, 1, 1, 1, 1, 1, 0, 1, 1, 0, 0, 1, 0, 1, 1, 1, 0]
 
Solution: 
	 car_confs =   
 	[23, 11, 8, 23, 12, 8, 11, 23, 8, 11, 23, 7, 16, 10, 7, 23, 10, 7, 16, 10, 5, 23, 10, 5, 14, 10, 5, 10, 6, 5, 23, 9, 5, 6, 6, 5, 3, 3, 1, 2, 1, 3, 1, 2, 1, 2, 1, 3, 1, 2, 1, 2, 1, 3, 1, 2, 1, 2, 1, 3, 1, 2, 1, 3, 4, 5, 6, 9, 5, 6, 10, 5, 9, 23, 5, 10, 23, 5, 10, 16, 5, 10, 23, 7, 10, 16, 7, 10, 23, 8, 11, 19, 8, 11, 23, 8, 11, 23, 21, 22]
	 objective =   	13
----------
/home/frekn832/fznparser/test/mzn-challenge/carseq/carseq_set_1/car_2.dzn
Problem description: 
	 permuatation = [101, 100, 102, 99, 103, 98, 104, 97, 105, 96, 106, 95, 107, 94, 108, 93, 109, 92, 110, 91, 111, 90, 112, 89, 113, 88, 114, 87, 115, 86, 116, 85, 117, 84, 118, 83, 119, 82, 120, 81, 121, 80, 122, 79, 123, 78, 124, 77, 125, 76, 126, 75, 127, 74, 128, 73, 129, 72, 130, 71, 131, 70, 132, 69, 133, 68, 134, 67, 135, 66, 136, 65, 137, 64, 138, 63, 139, 62, 140, 61, 141, 60, 142, 59, 143, 58, 144, 57, 145, 56, 146, 55, 147, 54, 148, 53, 149, 52, 150, 51, 151, 50, 152, 49, 153, 48, 154, 47, 155, 46, 156, 45, 157, 44, 158, 43, 159, 42, 160, 41, 161, 40, 162, 39, 163, 38, 164, 37, 165, 36, 166, 35, 167, 34, 168, 33, 169, 32, 170, 31, 171, 30, 172, 29, 173, 28, 174, 27, 175, 26, 176, 25, 177, 24, 178, 23, 179, 22, 180, 21, 181, 20, 182, 19, 183, 18, 184, 17, 185, 16, 186, 15, 187, 14, 188, 13, 189, 12, 190, 11, 191, 10, 192, 9, 193, 8, 194, 7, 195, 6, 196, 5, 197, 4, 198, 3, 199, 2, 200, 1]
	 number of cars = 200
	 number of options =  5
	 number of configurations =  26
	 k =  [2, 3, 3, 5, 5]
	 min capacity =  [0, 0, 0, 0, 0]
	 max capacity =  [1, 2, 1, 2, 1]
	 number of cars in configurations  =  [3, 4, 72, 8, 1, 10, 30, 3, 10, 5, 1, 6, 2, 1, 1, 3, 1, 1, 13, 15, 2, 1, 1, 1, 1, 4]
	 confs  =   
 	[1, 0, 1, 0, 0, 1, 0, 0, 1, 0, 0, 1, 0, 0, 0, 0, 1, 0, 1, 0, 1, 0, 0, 1, 1, 1, 1, 0, 0, 0, 0, 0, 1, 0, 0, 1, 1, 1, 1, 0, 0, 0, 0, 0, 1, 0, 1, 1, 0, 0, 1, 0, 1, 0, 1, 1, 1, 0, 1, 0, 0, 0, 1, 0, 1, 1, 1, 0, 0, 1, 1, 1, 1, 0, 1, 0, 0, 1, 1, 0, 1, 0, 0, 0, 1, 0, 0, 0, 1, 1, 0, 0, 0, 1, 0, 1, 0, 0, 0, 0, 0, 1, 1, 1, 0, 1, 0, 1, 1, 0, 1, 1, 0, 1, 1, 1, 1, 1, 0, 0, 0, 0, 1, 0, 1, 0, 1, 0, 0, 0]
 
Solution: 
	 car_confs =   
 	[21, 20, 27, 20, 19, 20, 19, 14, 27, 12, 27, 12, 13, 20, 19, 26, 12, 13, 20, 19, 26, 8, 9, 20, 19, 10, 12, 9, 10, 19, 6, 4, 9, 6, 16, 6, 4, 9, 6, 4, 27, 6, 4, 9, 4, 3, 7, 3, 3, 7, 3, 3, 7, 3, 3, 7, 3, 3, 7, 3, 3, 7, 3, 3, 7, 3, 3, 7, 3, 3, 7, 3, 3, 7, 3, 3, 7, 3, 3, 7, 3, 3, 7, 3, 3, 7, 3, 3, 7, 3, 3, 5, 3, 3, 2, 3, 1, 3, 2, 3, 1, 3, 2, 3, 1, 3, 2, 3, 3, 7, 3, 3, 7, 3, 3, 7, 3, 3, 7, 3, 3, 7, 3, 3, 7, 3, 3, 7, 3, 3, 7, 3, 3, 7, 3, 3, 7, 3, 3, 7, 3, 3, 7, 3, 3, 7, 3, 3, 7, 3, 3, 7, 3, 3, 9, 3, 4, 16, 6, 9, 6, 4, 16, 6, 9, 6, 4, 19, 6, 9, 10, 12, 19, 10, 9, 20, 10, 12, 19, 11, 26, 20, 19, 8, 26, 17, 27, 8, 19, 20, 25, 20, 19, 19, 20, 27, 20, 18, 20, 21]
	 objective =   	6
----------
/home/frekn832/fznparser/test/mzn-challenge/carseq/carseq_set_1/car_20.dzn
Problem description: 
	 permuatation = [101, 100, 102, 99, 103, 98, 104, 97, 105, 96, 106, 95, 107, 94, 108, 93, 109, 92, 110, 91, 111, 90, 112, 89, 113, 88, 114, 87, 115, 86, 116, 85, 117, 84, 118, 83, 119, 82, 120, 81, 121, 80, 122, 79, 123, 78, 124, 77, 125, 76, 126, 75, 127, 74, 128, 73, 129, 72, 130, 71, 131, 70, 132, 69, 133, 68, 134, 67, 135, 66, 136, 65, 137, 64, 138, 63, 139, 62, 140, 61, 141, 60, 142, 59, 143, 58, 144, 57, 145, 56, 146, 55, 147, 54, 148, 53, 149, 52, 150, 51, 151, 50, 152, 49, 153, 48, 154, 47, 155, 46, 156, 45, 157, 44, 158, 43, 159, 42, 160, 41, 161, 40, 162, 39, 163, 38, 164, 37, 165, 36, 166, 35, 167, 34, 168, 33, 169, 32, 170, 31, 171, 30, 172, 29, 173, 28, 174, 27, 175, 26, 176, 25, 177, 24, 178, 23, 179, 22, 180, 21, 181, 20, 182, 19, 183, 18, 184, 17, 185, 16, 186, 15, 187, 14, 188, 13, 189, 12, 190, 11, 191, 10, 192, 9, 193, 8, 194, 7, 195, 6, 196, 5, 197, 4, 198, 3, 199, 2, 200, 1]
	 number of cars = 200
	 number of options =  5
	 number of configurations =  22
	 k =  [2, 3, 3, 5, 5]
	 min capacity =  [0, 0, 0, 0, 0]
	 max capacity =  [1, 2, 1, 2, 1]
	 number of cars in configurations  =  [2, 3, 5, 3, 24, 2, 2, 2, 1, 32, 44, 2, 4, 6, 1, 1, 1, 53, 1, 1, 8, 2]
	 confs  =   
 	[1, 0, 1, 1, 0, 1, 0, 0, 0, 1, 1, 1, 0, 0, 0, 1, 1, 1, 0, 0, 0, 0, 0, 0, 1, 1, 1, 0, 0, 1, 1, 1, 0, 1, 0, 0, 1, 0, 1, 0, 1, 0, 1, 0, 1, 0, 0, 1, 0, 0, 0, 0, 0, 1, 0, 0, 1, 1, 0, 1, 0, 0, 1, 1, 0, 1, 0, 1, 0, 0, 1, 0, 0, 1, 1, 0, 0, 1, 1, 1, 0, 0, 0, 1, 1, 0, 1, 0, 0, 0, 0, 1, 1, 0, 0, 0, 1, 0, 0, 1, 1, 0, 0, 0, 0, 1, 0, 0, 1, 0]
 
Solution: 
	 car_confs =   
 	[23, 18, 18, 22, 18, 18, 21, 18, 18, 21, 18, 18, 16, 18, 18, 21, 18, 12, 21, 18, 18, 14, 17, 18, 13, 18, 18, 13, 6, 18, 11, 14, 11, 5, 18, 11, 14, 11, 5, 18, 11, 10, 11, 5, 10, 11, 18, 10, 5, 11, 11, 10, 18, 5, 10, 11, 11, 10, 5, 18, 11, 10, 11, 5, 10, 11, 18, 10, 5, 11, 11, 10, 18, 5, 10, 11, 11, 10, 5, 18, 11, 10, 11, 5, 4, 11, 18, 10, 2, 11, 7, 10, 3, 5, 1, 8, 3, 10, 3, 5, 1, 8, 3, 10, 2, 11, 3, 10, 7, 5, 4, 11, 18, 4, 5, 11, 10, 11, 18, 2, 10, 11, 11, 10, 5, 18, 10, 11, 11, 5, 10, 18, 11, 10, 5, 11, 10, 11, 18, 5, 10, 11, 11, 10, 5, 18, 10, 11, 11, 5, 10, 18, 11, 10, 5, 11, 10, 11, 18, 5, 10, 11, 11, 14, 5, 18, 11, 11, 14, 18, 6, 13, 18, 18, 13, 18, 15, 18, 14, 18, 18, 9, 18, 18, 21, 18, 12, 21, 18, 18, 21, 18, 18, 21, 18, 18, 22, 18, 18, 23]
	 objective =   	2
----------
/home/frekn832/fznparser/test/mzn-challenge/carseq/carseq_set_1/car_21.dzn
Problem description: 
	 permuatation = [101, 100, 102, 99, 103, 98, 104, 97, 105, 96, 106, 95, 107, 94, 108, 93, 109, 92, 110, 91, 111, 90, 112, 89, 113, 88, 114, 87, 115, 86, 116, 85, 117, 84, 118, 83, 119, 82, 120, 81, 121, 80, 122, 79, 123, 78, 124, 77, 125, 76, 126, 75, 127, 74, 128, 73, 129, 72, 130, 71, 131, 70, 132, 69, 133, 68, 134, 67, 135, 66, 136, 65, 137, 64, 138, 63, 139, 62, 140, 61, 141, 60, 142, 59, 143, 58, 144, 57, 145, 56, 146, 55, 147, 54, 148, 53, 149, 52, 150, 51, 151, 50, 152, 49, 153, 48, 154, 47, 155, 46, 156, 45, 157, 44, 158, 43, 159, 42, 160, 41, 161, 40, 162, 39, 163, 38, 164, 37, 165, 36, 166, 35, 167, 34, 168, 33, 169, 32, 170, 31, 171, 30, 172, 29, 173, 28, 174, 27, 175, 26, 176, 25, 177, 24, 178, 23, 179, 22, 180, 21, 181, 20, 182, 19, 183, 18, 184, 17, 185, 16, 186, 15, 187, 14, 188, 13, 189, 12, 190, 11, 191, 10, 192, 9, 193, 8, 194, 7, 195, 6, 196, 5, 197, 4, 198, 3, 199, 2, 200, 1]
	 number of cars = 200
	 number of options =  5
	 number of configurations =  25
	 k =  [2, 3, 3, 5, 5]
	 min capacity =  [0, 0, 0, 0, 0]
	 max capacity =  [1, 2, 1, 2, 1]
	 number of cars in configurations  =  [1, 2, 40, 1, 1, 1, 1, 7, 1, 5, 29, 1, 56, 1, 5, 5, 2, 6, 13, 3, 1, 4, 2, 2, 10]
	 confs  =   
 	[1, 1, 1, 1, 0, 1, 0, 0, 0, 1, 0, 0, 0, 1, 0, 1, 1, 1, 0, 1, 0, 1, 0, 1, 1, 1, 0, 1, 1, 1, 1, 1, 0, 1, 0, 0, 1, 0, 1, 0, 0, 0, 1, 0, 1, 1, 0, 0, 1, 0, 0, 0, 1, 0, 0, 1, 1, 1, 0, 0, 0, 1, 0, 0, 0, 0, 0, 1, 1, 0, 1, 0, 1, 0, 0, 0, 1, 1, 0, 0, 1, 1, 0, 0, 1, 0, 0, 0, 0, 1, 1, 0, 0, 0, 0, 1, 0, 0, 1, 1, 0, 1, 0, 0, 1, 0, 1, 1, 1, 0, 0, 0, 0, 1, 1, 0, 1, 1, 0, 1, 1, 1, 0, 0, 0]
 
Solution: 
	 car_confs =   
 	[22, 25, 23, 25, 26, 22, 25, 18, 15, 26, 19, 16, 19, 18, 15, 26, 19, 16, 19, 18, 15, 26, 19, 16, 19, 18, 15, 13, 13, 11, 10, 13, 13, 11, 8, 10, 13, 13, 11, 8, 10, 13, 13, 11, 8, 10, 13, 13, 11, 5, 3, 13, 13, 11, 3, 3, 13, 13, 11, 3, 3, 13, 13, 11, 3, 3, 13, 13, 11, 3, 3, 13, 13, 11, 3, 3, 13, 13, 11, 3, 3, 13, 13, 11, 3, 3, 13, 13, 11, 3, 3, 13, 11, 2, 3, 3, 13, 11, 2, 3, 1, 13, 19, 9, 3, 3, 11, 13, 13, 3, 3, 4, 13, 19, 3, 3, 11, 13, 13, 3, 3, 11, 13, 13, 3, 3, 11, 13, 13, 3, 3, 11, 13, 13, 3, 3, 11, 13, 13, 3, 3, 11, 13, 13, 3, 3, 11, 13, 13, 3, 3, 11, 13, 13, 6, 8, 13, 11, 13, 7, 11, 8, 13, 11, 8, 13, 10, 11, 13, 8, 11, 13, 13, 14, 13, 17, 26, 12, 26, 19, 16, 17, 26, 15, 26, 19, 16, 18, 19, 22, 19, 26, 18, 19, 22, 25, 26, 25, 23, 25]
	 objective =   	10
----------
/home/frekn832/fznparser/test/mzn-challenge/carseq/carseq_set_1/car_22.dzn
Problem description: 
	 permuatation = [101, 100, 102, 99, 103, 98, 104, 97, 105, 96, 106, 95, 107, 94, 108, 93, 109, 92, 110, 91, 111, 90, 112, 89, 113, 88, 114, 87, 115, 86, 116, 85, 117, 84, 118, 83, 119, 82, 120, 81, 121, 80, 122, 79, 123, 78, 124, 77, 125, 76, 126, 75, 127, 74, 128, 73, 129, 72, 130, 71, 131, 70, 132, 69, 133, 68, 134, 67, 135, 66, 136, 65, 137, 64, 138, 63, 139, 62, 140, 61, 141, 60, 142, 59, 143, 58, 144, 57, 145, 56, 146, 55, 147, 54, 148, 53, 149, 52, 150, 51, 151, 50, 152, 49, 153, 48, 154, 47, 155, 46, 156, 45, 157, 44, 158, 43, 159, 42, 160, 41, 161, 40, 162, 39, 163, 38, 164, 37, 165, 36, 166, 35, 167, 34, 168, 33, 169, 32, 170, 31, 171, 30, 172, 29, 173, 28, 174, 27, 175, 26, 176, 25, 177, 24, 178, 23, 179, 22, 180, 21, 181, 20, 182, 19, 183, 18, 184, 17, 185, 16, 186, 15, 187, 14, 188, 13, 189, 12, 190, 11, 191, 10, 192, 9, 193, 8, 194, 7, 195, 6, 196, 5, 197, 4, 198, 3, 199, 2, 200, 1]
	 number of cars = 200
	 number of options =  5
	 number of configurations =  21
	 k =  [2, 3, 3, 5, 5]
	 min capacity =  [0, 0, 0, 0, 0]
	 max capacity =  [1, 2, 1, 2, 1]
	 number of cars in configurations  =  [26, 1, 10, 4, 1, 3, 3, 3, 9, 4, 8, 2, 59, 1, 3, 3, 32, 19, 1, 7, 1]
	 confs  =   
 	[0, 0, 0, 0, 1, 0, 1, 1, 0, 1, 0, 1, 0, 1, 0, 1, 0, 1, 0, 0, 0, 0, 0, 1, 1, 0, 1, 1, 0, 0, 0, 0, 1, 0, 1, 1, 1, 1, 0, 0, 1, 1, 0, 0, 0, 0, 1, 1, 1, 0, 0, 0, 1, 1, 0, 1, 1, 0, 0, 1, 0, 1, 0, 0, 0, 1, 0, 0, 0, 1, 1, 0, 0, 1, 0, 0, 1, 0, 0, 1, 1, 0, 0, 0, 0, 0, 0, 0, 1, 0, 1, 0, 1, 1, 0, 0, 0, 1, 0, 0, 1, 1, 0, 1, 0]
 
Solution: 
	 car_confs =   
 	[20, 18, 18, 20, 22, 17, 20, 18, 18, 17, 16, 17, 18, 17, 20, 12, 18, 17, 18, 17, 16, 17, 18, 17, 13, 7, 13, 17, 13, 13, 5, 13, 17, 13, 13, 1, 13, 17, 13, 13, 1, 13, 17, 13, 13, 1, 13, 17, 13, 13, 1, 13, 17, 13, 13, 1, 13, 13, 11, 13, 1, 11, 13, 13, 11, 1, 9, 11, 13, 9, 1, 10, 15, 13, 8, 1, 13, 15, 10, 9, 1, 8, 18, 9, 6, 1, 13, 17, 6, 3, 1, 3, 13, 4, 3, 1, 3, 13, 4, 3, 1, 3, 4, 13, 3, 1, 3, 4, 13, 3, 1, 3, 6, 17, 13, 1, 8, 13, 15, 10, 1, 9, 13, 11, 9, 1, 9, 10, 17, 13, 1, 9, 11, 9, 13, 1, 11, 13, 13, 11, 1, 13, 13, 17, 13, 1, 13, 13, 17, 13, 1, 13, 13, 17, 13, 1, 13, 13, 17, 13, 1, 13, 13, 17, 13, 2, 17, 13, 13, 17, 7, 13, 13, 17, 13, 7, 17, 18, 17, 18, 12, 20, 17, 18, 17, 16, 17, 18, 17, 18, 14, 20, 17, 18, 18, 20, 22, 22, 18, 18]
	 objective =   	3
----------
/home/frekn832/fznparser/test/mzn-challenge/carseq/carseq_set_1/car_23.dzn
Problem description: 
	 permuatation = [101, 100, 102, 99, 103, 98, 104, 97, 105, 96, 106, 95, 107, 94, 108, 93, 109, 92, 110, 91, 111, 90, 112, 89, 113, 88, 114, 87, 115, 86, 116, 85, 117, 84, 118, 83, 119, 82, 120, 81, 121, 80, 122, 79, 123, 78, 124, 77, 125, 76, 126, 75, 127, 74, 128, 73, 129, 72, 130, 71, 131, 70, 132, 69, 133, 68, 134, 67, 135, 66, 136, 65, 137, 64, 138, 63, 139, 62, 140, 61, 141, 60, 142, 59, 143, 58, 144, 57, 145, 56, 146, 55, 147, 54, 148, 53, 149, 52, 150, 51, 151, 50, 152, 49, 153, 48, 154, 47, 155, 46, 156, 45, 157, 44, 158, 43, 159, 42, 160, 41, 161, 40, 162, 39, 163, 38, 164, 37, 165, 36, 166, 35, 167, 34, 168, 33, 169, 32, 170, 31, 171, 30, 172, 29, 173, 28, 174, 27, 175, 26, 176, 25, 177, 24, 178, 23, 179, 22, 180, 21, 181, 20, 182, 19, 183, 18, 184, 17, 185, 16, 186, 15, 187, 14, 188, 13, 189, 12, 190, 11, 191, 10, 192, 9, 193, 8, 194, 7, 195, 6, 196, 5, 197, 4, 198, 3, 199, 2, 200, 1]
	 number of cars = 200
	 number of options =  5
	 number of configurations =  23
	 k =  [2, 3, 3, 5, 5]
	 min capacity =  [0, 0, 0, 0, 0]
	 max capacity =  [1, 2, 1, 2, 1]
	 number of cars in configurations  =  [3, 1, 49, 13, 3, 2, 33, 1, 1, 2, 8, 1, 1, 14, 1, 3, 35, 10, 4, 10, 1, 2, 2]
	 confs  =   
 	[0, 1, 0, 1, 1, 0, 1, 1, 0, 0, 1, 0, 0, 0, 0, 1, 1, 0, 0, 0, 1, 0, 1, 1, 0, 1, 0, 0, 0, 1, 0, 0, 0, 1, 0, 0, 0, 1, 1, 1, 1, 1, 1, 0, 0, 0, 1, 1, 1, 0, 1, 0, 1, 0, 0, 1, 1, 1, 1, 0, 0, 0, 1, 0, 1, 0, 0, 0, 0, 1, 1, 0, 0, 1, 0, 1, 1, 0, 1, 0, 0, 1, 0, 0, 0, 0, 1, 0, 1, 0, 0, 0, 1, 1, 0, 0, 0, 1, 0, 0, 0, 1, 1, 1, 1, 1, 1, 0, 0, 1, 0, 1, 0, 0, 1]
 
Solution: 
	 car_confs =   
 	[18, 20, 23, 18, 20, 18, 24, 22, 20, 18, 18, 20, 17, 17, 11, 17, 17, 11, 17, 17, 11, 17, 17, 11, 17, 17, 19, 16, 17, 11, 17, 6, 17, 4, 19, 4, 17, 5, 17, 4, 8, 4, 24, 10, 4, 14, 4, 7, 4, 7, 3, 14, 3, 7, 3, 7, 3, 14, 3, 7, 3, 7, 3, 14, 3, 7, 3, 7, 3, 14, 3, 7, 3, 7, 3, 14, 3, 7, 3, 7, 3, 14, 3, 7, 3, 7, 3, 13, 3, 7, 3, 7, 3, 17, 3, 1, 3, 7, 3, 2, 1, 3, 7, 3, 17, 1, 3, 7, 3, 17, 3, 7, 3, 7, 3, 14, 3, 7, 3, 7, 3, 14, 3, 7, 3, 7, 3, 14, 3, 7, 3, 7, 3, 14, 3, 7, 3, 7, 3, 14, 3, 7, 3, 7, 3, 14, 3, 7, 3, 7, 4, 14, 4, 10, 15, 17, 4, 20, 4, 17, 5, 17, 4, 19, 4, 17, 5, 17, 6, 17, 9, 24, 16, 17, 11, 17, 16, 19, 17, 17, 11, 17, 17, 11, 17, 17, 20, 17, 17, 20, 18, 18, 20, 17, 22, 20, 18, 18, 20, 23]
	 objective =   	3
----------
/home/frekn832/fznparser/test/mzn-challenge/carseq/carseq_set_1/car_24.dzn
Problem description: 
	 permuatation = [101, 100, 102, 99, 103, 98, 104, 97, 105, 96, 106, 95, 107, 94, 108, 93, 109, 92, 110, 91, 111, 90, 112, 89, 113, 88, 114, 87, 115, 86, 116, 85, 117, 84, 118, 83, 119, 82, 120, 81, 121, 80, 122, 79, 123, 78, 124, 77, 125, 76, 126, 75, 127, 74, 128, 73, 129, 72, 130, 71, 131, 70, 132, 69, 133, 68, 134, 67, 135, 66, 136, 65, 137, 64, 138, 63, 139, 62, 140, 61, 141, 60, 142, 59, 143, 58, 144, 57, 145, 56, 146, 55, 147, 54, 148, 53, 149, 52, 150, 51, 151, 50, 152, 49, 153, 48, 154, 47, 155, 46, 156, 45, 157, 44, 158, 43, 159, 42, 160, 41, 161, 40, 162, 39, 163, 38, 164, 37, 165, 36, 166, 35, 167, 34, 168, 33, 169, 32, 170, 31, 171, 30, 172, 29, 173, 28, 174, 27, 175, 26, 176, 25, 177, 24, 178, 23, 179, 22, 180, 21, 181, 20, 182, 19, 183, 18, 184, 17, 185, 16, 186, 15, 187, 14, 188, 13, 189, 12, 190, 11, 191, 10, 192, 9, 193, 8, 194, 7, 195, 6, 196, 5, 197, 4, 198, 3, 199, 2, 200, 1]
	 number of cars = 200
	 number of options =  5
	 number of configurations =  24
	 k =  [2, 3, 3, 5, 5]
	 min capacity =  [0, 0, 0, 0, 0]
	 max capacity =  [1, 2, 1, 2, 1]
	 number of cars in configurations  =  [1, 42, 3, 3, 36, 9, 4, 2, 3, 6, 2, 4, 1, 2, 2, 44, 8, 10, 1, 1, 2, 2, 11, 1]
	 confs  =   
 	[1, 1, 0, 0, 1, 0, 0, 0, 1, 0, 0, 1, 0, 0, 1, 1, 0, 0, 0, 1, 1, 0, 0, 0, 0, 1, 1, 0, 0, 0, 0, 0, 1, 1, 0, 0, 0, 0, 1, 1, 1, 0, 0, 1, 0, 0, 1, 1, 0, 0, 0, 0, 1, 1, 1, 1, 1, 1, 0, 0, 0, 1, 1, 1, 1, 0, 1, 1, 1, 0, 1, 0, 1, 1, 0, 0, 1, 0, 0, 0, 0, 0, 0, 0, 1, 0, 1, 0, 1, 0, 1, 0, 1, 0, 0, 1, 1, 1, 0, 1, 1, 1, 0, 1, 0, 0, 1, 0, 1, 1, 0, 0, 1, 0, 0, 0, 0, 1, 0, 1]
 
Solution: 
	 car_confs =   
 	[21, 23, 18, 25, 23, 18, 17, 18, 25, 23, 18, 17, 18, 23, 16, 16, 17, 16, 14, 25, 16, 14, 17, 16, 16, 15, 16, 16, 11, 16, 16, 15, 16, 16, 11, 6, 16, 9, 16, 6, 7, 16, 6, 8, 6, 7, 6, 16, 5, 2, 5, 2, 16, 5, 2, 5, 2, 16, 5, 2, 5, 2, 16, 5, 2, 5, 2, 16, 5, 2, 5, 2, 16, 5, 2, 5, 2, 16, 5, 2, 5, 2, 16, 5, 2, 4, 2, 10, 5, 2, 3, 2, 10, 5, 2, 3, 2, 10, 5, 2, 1, 2, 5, 10, 2, 3, 2, 5, 10, 2, 4, 2, 5, 10, 2, 4, 2, 5, 16, 2, 5, 2, 5, 16, 2, 5, 2, 5, 16, 2, 5, 2, 5, 16, 2, 5, 2, 5, 16, 2, 5, 2, 5, 16, 2, 5, 2, 5, 16, 2, 5, 2, 5, 16, 6, 7, 6, 8, 6, 16, 7, 6, 16, 9, 16, 9, 16, 12, 17, 16, 12, 25, 16, 12, 17, 16, 12, 25, 16, 13, 25, 16, 16, 19, 16, 16, 17, 16, 18, 23, 18, 17, 23, 18, 25, 18, 20, 25, 18, 23]
	 objective =   	8
----------
/home/frekn832/fznparser/test/mzn-challenge/carseq/carseq_set_1/car_25.dzn
Problem description: 
	 permuatation = [101, 100, 102, 99, 103, 98, 104, 97, 105, 96, 106, 95, 107, 94, 108, 93, 109, 92, 110, 91, 111, 90, 112, 89, 113, 88, 114, 87, 115, 86, 116, 85, 117, 84, 118, 83, 119, 82, 120, 81, 121, 80, 122, 79, 123, 78, 124, 77, 125, 76, 126, 75, 127, 74, 128, 73, 129, 72, 130, 71, 131, 70, 132, 69, 133, 68, 134, 67, 135, 66, 136, 65, 137, 64, 138, 63, 139, 62, 140, 61, 141, 60, 142, 59, 143, 58, 144, 57, 145, 56, 146, 55, 147, 54, 148, 53, 149, 52, 150, 51, 151, 50, 152, 49, 153, 48, 154, 47, 155, 46, 156, 45, 157, 44, 158, 43, 159, 42, 160, 41, 161, 40, 162, 39, 163, 38, 164, 37, 165, 36, 166, 35, 167, 34, 168, 33, 169, 32, 170, 31, 171, 30, 172, 29, 173, 28, 174, 27, 175, 26, 176, 25, 177, 24, 178, 23, 179, 22, 180, 21, 181, 20, 182, 19, 183, 18, 184, 17, 185, 16, 186, 15, 187, 14, 188, 13, 189, 12, 190, 11, 191, 10, 192, 9, 193, 8, 194, 7, 195, 6, 196, 5, 197, 4, 198, 3, 199, 2, 200, 1]
	 number of cars = 200
	 number of options =  5
	 number of configurations =  24
	 k =  [2, 3, 3, 5, 5]
	 min capacity =  [0, 0, 0, 0, 0]
	 max capacity =  [1, 2, 1, 2, 1]
	 number of cars in configurations  =  [73, 2, 17, 2, 3, 3, 1, 3, 25, 1, 1, 2, 16, 2, 7, 14, 7, 6, 3, 1, 2, 1, 6, 2]
	 confs  =   
 	[0, 1, 0, 0, 0, 0, 0, 0, 1, 1, 0, 0, 0, 0, 1, 1, 1, 1, 1, 0, 0, 1, 0, 0, 1, 0, 1, 1, 1, 0, 1, 0, 1, 0, 1, 1, 1, 0, 1, 0, 0, 0, 0, 1, 0, 1, 1, 0, 1, 1, 0, 0, 1, 1, 1, 1, 0, 1, 0, 0, 0, 0, 1, 0, 0, 1, 1, 0, 0, 1, 1, 1, 0, 0, 0, 1, 0, 0, 0, 0, 0, 1, 1, 0, 0, 1, 1, 1, 0, 0, 1, 0, 0, 1, 0, 0, 0, 1, 1, 0, 1, 0, 1, 1, 0, 0, 1, 0, 1, 1, 0, 1, 0, 0, 0, 1, 0, 0, 0, 1]
 
Solution: 
	 car_confs =   
 	[17, 25, 19, 17, 16, 25, 16, 13, 25, 16, 13, 25, 16, 13, 25, 16, 13, 25, 16, 13, 22, 16, 6, 23, 16, 11, 23, 15, 13, 8, 9, 7, 25, 15, 6, 9, 15, 5, 13, 8, 9, 12, 5, 15, 9, 4, 1, 3, 1, 1, 9, 1, 1, 3, 1, 1, 9, 1, 1, 3, 1, 1, 9, 1, 1, 3, 1, 1, 9, 1, 1, 3, 1, 1, 9, 1, 1, 3, 1, 1, 9, 1, 1, 3, 1, 1, 9, 1, 1, 3, 1, 1, 9, 1, 1, 2, 1, 1, 9, 1, 1, 2, 1, 1, 9, 1, 1, 3, 1, 1, 9, 1, 1, 3, 1, 1, 9, 1, 1, 3, 1, 1, 9, 1, 1, 3, 1, 1, 9, 1, 1, 3, 1, 1, 9, 1, 1, 3, 1, 1, 9, 1, 1, 3, 1, 1, 9, 1, 1, 3, 1, 1, 9, 1, 1, 3, 4, 9, 15, 13, 5, 8, 9, 12, 23, 14, 9, 6, 15, 25, 13, 10, 23, 13, 15, 23, 13, 14, 23, 13, 16, 25, 13, 16, 25, 13, 16, 25, 13, 16, 25, 13, 16, 25, 16, 17, 19, 25, 17, 19]
	 objective =   	14
----------
/home/frekn832/fznparser/test/mzn-challenge/carseq/carseq_set_1/car_26.dzn
Problem description: 
	 permuatation = [101, 100, 102, 99, 103, 98, 104, 97, 105, 96, 106, 95, 107, 94, 108, 93, 109, 92, 110, 91, 111, 90, 112, 89, 113, 88, 114, 87, 115, 86, 116, 85, 117, 84, 118, 83, 119, 82, 120, 81, 121, 80, 122, 79, 123, 78, 124, 77, 125, 76, 126, 75, 127, 74, 128, 73, 129, 72, 130, 71, 131, 70, 132, 69, 133, 68, 134, 67, 135, 66, 136, 65, 137, 64, 138, 63, 139, 62, 140, 61, 141, 60, 142, 59, 143, 58, 144, 57, 145, 56, 146, 55, 147, 54, 148, 53, 149, 52, 150, 51, 151, 50, 152, 49, 153, 48, 154, 47, 155, 46, 156, 45, 157, 44, 158, 43, 159, 42, 160, 41, 161, 40, 162, 39, 163, 38, 164, 37, 165, 36, 166, 35, 167, 34, 168, 33, 169, 32, 170, 31, 171, 30, 172, 29, 173, 28, 174, 27, 175, 26, 176, 25, 177, 24, 178, 23, 179, 22, 180, 21, 181, 20, 182, 19, 183, 18, 184, 17, 185, 16, 186, 15, 187, 14, 188, 13, 189, 12, 190, 11, 191, 10, 192, 9, 193, 8, 194, 7, 195, 6, 196, 5, 197, 4, 198, 3, 199, 2, 200, 1]
	 number of cars = 200
	 number of options =  5
	 number of configurations =  21
	 k =  [2, 3, 3, 5, 5]
	 min capacity =  [0, 0, 0, 0, 0]
	 max capacity =  [1, 2, 1, 2, 1]
	 number of cars in configurations  =  [2, 2, 41, 4, 13, 51, 4, 12, 2, 3, 12, 4, 1, 1, 19, 13, 1, 2, 2, 5, 6]
	 confs  =   
 	[1, 1, 0, 1, 0, 0, 0, 0, 1, 1, 0, 0, 0, 1, 0, 1, 0, 0, 1, 0, 1, 1, 0, 0, 0, 0, 1, 0, 0, 0, 0, 0, 1, 1, 0, 0, 0, 0, 0, 1, 1, 1, 1, 0, 0, 1, 0, 1, 0, 0, 0, 1, 0, 1, 0, 1, 0, 0, 0, 1, 1, 0, 1, 1, 0, 0, 1, 1, 0, 1, 1, 0, 0, 0, 0, 0, 0, 1, 0, 0, 1, 1, 1, 1, 0, 1, 1, 1, 0, 1, 0, 1, 1, 1, 0, 0, 1, 1, 0, 0, 0, 1, 0, 0, 1]
 
Solution: 
	 car_confs =   
 	[16, 22, 22, 16, 22, 21, 16, 22, 22, 16, 15, 21, 15, 16, 15, 11, 16, 15, 11, 15, 11, 16, 15, 11, 15, 11, 14, 15, 11, 6, 13, 6, 6, 7, 6, 6, 7, 6, 6, 4, 6, 15, 6, 6, 4, 3, 15, 6, 6, 3, 3, 15, 6, 6, 3, 3, 12, 6, 6, 3, 3, 12, 6, 6, 3, 3, 8, 6, 5, 3, 3, 8, 6, 5, 3, 3, 8, 6, 5, 3, 3, 8, 6, 5, 3, 3, 8, 6, 5, 3, 3, 8, 6, 5, 3, 3, 10, 6, 5, 2, 1, 6, 10, 6, 1, 2, 5, 6, 10, 3, 3, 5, 6, 8, 3, 3, 5, 6, 8, 3, 3, 5, 6, 8, 3, 3, 5, 6, 8, 3, 3, 5, 6, 8, 3, 3, 6, 6, 8, 3, 3, 6, 6, 12, 3, 3, 6, 6, 12, 3, 3, 6, 6, 15, 3, 3, 6, 6, 15, 6, 4, 6, 4, 6, 6, 7, 6, 6, 7, 6, 6, 15, 11, 9, 22, 11, 9, 22, 11, 15, 11, 15, 16, 11, 15, 11, 15, 16, 15, 21, 16, 22, 22, 16, 21, 22, 16, 22, 22, 16]
	 objective =   	12
----------
/home/frekn832/fznparser/test/mzn-challenge/carseq/carseq_set_1/car_27.dzn
Problem description: 
	 permuatation = [101, 100, 102, 99, 103, 98, 104, 97, 105, 96, 106, 95, 107, 94, 108, 93, 109, 92, 110, 91, 111, 90, 112, 89, 113, 88, 114, 87, 115, 86, 116, 85, 117, 84, 118, 83, 119, 82, 120, 81, 121, 80, 122, 79, 123, 78, 124, 77, 125, 76, 126, 75, 127, 74, 128, 73, 129, 72, 130, 71, 131, 70, 132, 69, 133, 68, 134, 67, 135, 66, 136, 65, 137, 64, 138, 63, 139, 62, 140, 61, 141, 60, 142, 59, 143, 58, 144, 57, 145, 56, 146, 55, 147, 54, 148, 53, 149, 52, 150, 51, 151, 50, 152, 49, 153, 48, 154, 47, 155, 46, 156, 45, 157, 44, 158, 43, 159, 42, 160, 41, 161, 40, 162, 39, 163, 38, 164, 37, 165, 36, 166, 35, 167, 34, 168, 33, 169, 32, 170, 31, 171, 30, 172, 29, 173, 28, 174, 27, 175, 26, 176, 25, 177, 24, 178, 23, 179, 22, 180, 21, 181, 20, 182, 19, 183, 18, 184, 17, 185, 16, 186, 15, 187, 14, 188, 13, 189, 12, 190, 11, 191, 10, 192, 9, 193, 8, 194, 7, 195, 6, 196, 5, 197, 4, 198, 3, 199, 2, 200, 1]
	 number of cars = 200
	 number of options =  5
	 number of configurations =  22
	 k =  [2, 3, 3, 5, 5]
	 min capacity =  [0, 0, 0, 0, 0]
	 max capacity =  [1, 2, 1, 2, 1]
	 number of cars in configurations  =  [8, 47, 3, 2, 27, 33, 3, 2, 11, 3, 5, 1, 1, 28, 1, 9, 1, 8, 2, 2, 2, 1]
	 confs  =   
 	[0, 1, 1, 0, 0, 0, 0, 0, 1, 0, 0, 1, 0, 1, 1, 1, 1, 1, 0, 0, 0, 0, 1, 0, 0, 1, 0, 0, 0, 0, 1, 0, 0, 0, 1, 1, 1, 0, 0, 1, 1, 1, 0, 0, 0, 0, 0, 1, 1, 0, 1, 0, 1, 0, 0, 1, 0, 1, 0, 1, 0, 1, 1, 1, 1, 0, 1, 0, 0, 0, 0, 0, 1, 0, 1, 0, 1, 0, 1, 0, 1, 1, 0, 1, 1, 0, 0, 0, 0, 1, 0, 1, 1, 1, 0, 1, 1, 0, 1, 0, 1, 0, 0, 1, 0, 0, 0, 0, 1, 1]
 
Solution: 
	 car_confs =   
 	[16, 18, 23, 23, 16, 16, 18, 14, 14, 23, 14, 14, 15, 14, 14, 21, 14, 14, 23, 8, 14, 11, 14, 21, 13, 9, 23, 9, 14, 7, 23, 9, 14, 11, 3, 9, 10, 9, 14, 7, 2, 5, 2, 6, 5, 2, 6, 2, 5, 6, 2, 5, 2, 6, 5, 2, 6, 2, 5, 6, 2, 5, 2, 6, 5, 2, 6, 2, 5, 6, 2, 5, 2, 6, 5, 2, 6, 2, 5, 6, 2, 5, 2, 14, 4, 2, 6, 2, 1, 6, 2, 1, 6, 2, 1, 6, 2, 1, 6, 2, 1, 2, 6, 1, 2, 6, 1, 2, 6, 1, 2, 6, 2, 4, 14, 2, 5, 2, 6, 5, 2, 6, 2, 5, 6, 2, 5, 2, 6, 5, 2, 6, 2, 5, 6, 2, 5, 2, 6, 5, 2, 6, 2, 5, 6, 2, 5, 2, 6, 5, 2, 6, 2, 5, 6, 2, 5, 2, 7, 5, 9, 14, 10, 3, 9, 23, 9, 10, 3, 9, 23, 9, 14, 11, 14, 8, 23, 9, 14, 11, 14, 14, 11, 14, 14, 12, 14, 14, 23, 14, 14, 18, 14, 16, 23, 16, 18, 23, 16, 23]
	 objective =   	13
----------
/home/frekn832/fznparser/test/mzn-challenge/carseq/carseq_set_1/car_28.dzn
Problem description: 
	 permuatation = [101, 100, 102, 99, 103, 98, 104, 97, 105, 96, 106, 95, 107, 94, 108, 93, 109, 92, 110, 91, 111, 90, 112, 89, 113, 88, 114, 87, 115, 86, 116, 85, 117, 84, 118, 83, 119, 82, 120, 81, 121, 80, 122, 79, 123, 78, 124, 77, 125, 76, 126, 75, 127, 74, 128, 73, 129, 72, 130, 71, 131, 70, 132, 69, 133, 68, 134, 67, 135, 66, 136, 65, 137, 64, 138, 63, 139, 62, 140, 61, 141, 60, 142, 59, 143, 58, 144, 57, 145, 56, 146, 55, 147, 54, 148, 53, 149, 52, 150, 51, 151, 50, 152, 49, 153, 48, 154, 47, 155, 46, 156, 45, 157, 44, 158, 43, 159, 42, 160, 41, 161, 40, 162, 39, 163, 38, 164, 37, 165, 36, 166, 35, 167, 34, 168, 33, 169, 32, 170, 31, 171, 30, 172, 29, 173, 28, 174, 27, 175, 26, 176, 25, 177, 24, 178, 23, 179, 22, 180, 21, 181, 20, 182, 19, 183, 18, 184, 17, 185, 16, 186, 15, 187, 14, 188, 13, 189, 12, 190, 11, 191, 10, 192, 9, 193, 8, 194, 7, 195, 6, 196, 5, 197, 4, 198, 3, 199, 2, 200, 1]
	 number of cars = 200
	 number of options =  5
	 number of configurations =  25
	 k =  [2, 3, 3, 5, 5]
	 min capacity =  [0, 0, 0, 0, 0]
	 max capacity =  [1, 2, 1, 2, 1]
	 number of cars in configurations  =  [1, 1, 1, 2, 64, 4, 4, 5, 3, 2, 1, 4, 1, 26, 16, 14, 25, 4, 1, 4, 4, 4, 1, 6, 2]
	 confs  =   
 	[0, 0, 1, 1, 1, 1, 1, 1, 0, 1, 0, 1, 1, 1, 0, 0, 1, 1, 0, 1, 0, 1, 0, 0, 0, 0, 1, 0, 0, 1, 0, 0, 0, 1, 1, 1, 0, 1, 1, 0, 1, 0, 0, 0, 1, 1, 1, 1, 0, 0, 1, 1, 0, 1, 0, 1, 0, 1, 0, 0, 0, 1, 0, 1, 1, 1, 0, 0, 0, 0, 1, 1, 0, 0, 0, 0, 0, 1, 0, 0, 0, 0, 0, 1, 0, 0, 1, 1, 0, 0, 1, 0, 0, 1, 1, 0, 0, 1, 1, 0, 1, 0, 0, 1, 0, 0, 1, 0, 1, 0, 0, 0, 1, 0, 1, 0, 0, 0, 0, 1, 1, 1, 1, 0, 0]
 
Solution: 
	 car_confs =   
 	[26, 26, 21, 20, 26, 24, 25, 17, 17, 26, 24, 18, 17, 17, 26, 24, 18, 17, 17, 15, 16, 15, 17, 15, 16, 15, 17, 15, 16, 15, 17, 15, 16, 15, 17, 14, 16, 14, 13, 17, 14, 16, 14, 6, 16, 11, 17, 10, 6, 14, 5, 5, 14, 5, 5, 14, 5, 5, 14, 5, 5, 14, 5, 5, 14, 5, 5, 14, 5, 4, 14, 5, 5, 12, 5, 5, 9, 5, 5, 12, 5, 5, 7, 5, 5, 8, 5, 5, 17, 2, 5, 14, 3, 5, 7, 5, 5, 8, 5, 5, 1, 5, 5, 8, 5, 5, 7, 5, 5, 8, 5, 5, 7, 5, 5, 8, 5, 5, 9, 5, 5, 12, 5, 5, 9, 5, 5, 12, 5, 5, 14, 4, 5, 14, 5, 5, 14, 5, 5, 14, 5, 5, 14, 5, 5, 14, 5, 5, 14, 5, 5, 14, 6, 10, 17, 14, 16, 6, 14, 16, 14, 17, 14, 16, 14, 17, 15, 16, 15, 17, 15, 16, 15, 17, 15, 16, 15, 17, 15, 16, 15, 17, 17, 18, 24, 26, 17, 17, 18, 24, 26, 17, 17, 25, 24, 26, 20, 21, 26, 23]
	 objective =   	9
----------
/home/frekn832/fznparser/test/mzn-challenge/carseq/carseq_set_1/car_29.dzn
Problem description: 
	 permuatation = [51, 50, 52, 49, 53, 48, 54, 47, 55, 46, 56, 45, 57, 44, 58, 43, 59, 42, 60, 41, 61, 40, 62, 39, 63, 38, 64, 37, 65, 36, 66, 35, 67, 34, 68, 33, 69, 32, 70, 31, 71, 30, 72, 29, 73, 28, 74, 27, 75, 26, 76, 25, 77, 24, 78, 23, 79, 22, 80, 21, 81, 20, 82, 19, 83, 18, 84, 17, 85, 16, 86, 15, 87, 14, 88, 13, 89, 12, 90, 11, 91, 10, 92, 9, 93, 8, 94, 7, 95, 6, 96, 5, 97, 4, 98, 3, 99, 2, 100, 1]
	 number of cars = 100
	 number of options =  5
	 number of configurations =  25
	 k =  [2, 3, 3, 5, 5]
	 min capacity =  [0, 0, 0, 0, 0]
	 max capacity =  [1, 2, 1, 2, 1]
	 number of cars in configurations  =  [7, 11, 1, 3, 15, 2, 8, 5, 3, 4, 5, 2, 6, 2, 2, 4, 3, 5, 2, 4, 1, 1, 1, 1, 2]
	 confs  =   
 	[1, 0, 0, 1, 0, 1, 1, 0, 0, 0, 0, 1, 1, 1, 1, 1, 0, 1, 0, 0, 0, 1, 0, 0, 0, 1, 0, 1, 1, 0, 0, 1, 0, 1, 0, 0, 0, 1, 0, 0, 0, 0, 0, 1, 0, 0, 1, 1, 1, 0, 1, 0, 0, 0, 0, 1, 1, 1, 0, 1, 0, 1, 1, 0, 0, 0, 0, 1, 0, 1, 0, 1, 0, 0, 1, 1, 1, 1, 1, 0, 1, 0, 0, 0, 1, 1, 1, 0, 1, 0, 1, 1, 1, 0, 0, 1, 1, 0, 0, 1, 1, 0, 0, 1, 1, 1, 1, 0, 1, 1, 0, 1, 0, 1, 1, 0, 1, 1, 0, 1, 0, 0, 0, 0, 1]
 
Solution: 
	 car_confs =   
 	[26, 19, 15, 26, 10, 18, 26, 12, 26, 18, 10, 26, 17, 13, 18, 26, 13, 7, 17, 7, 13, 11, 7, 11, 7, 11, 15, 6, 5, 9, 2, 5, 4, 5, 2, 8, 2, 5, 1, 8, 2, 5, 1, 5, 1, 5, 2, 26, 2, 3, 1, 5, 2, 8, 1, 5, 1, 5, 2, 8, 1, 5, 2, 8, 2, 5, 4, 5, 2, 9, 4, 5, 5, 6, 7, 11, 13, 11, 7, 7, 14, 26, 26, 7, 9, 12, 26, 26, 10, 18, 25, 13, 26, 18, 10, 17, 26, 13, 26, 26]
	 objective =   	15
----------
/home/frekn832/fznparser/test/mzn-challenge/carseq/carseq_set_1/car_3.dzn
Problem description: 
	 permuatation = [101, 100, 102, 99, 103, 98, 104, 97, 105, 96, 106, 95, 107, 94, 108, 93, 109, 92, 110, 91, 111, 90, 112, 89, 113, 88, 114, 87, 115, 86, 116, 85, 117, 84, 118, 83, 119, 82, 120, 81, 121, 80, 122, 79, 123, 78, 124, 77, 125, 76, 126, 75, 127, 74, 128, 73, 129, 72, 130, 71, 131, 70, 132, 69, 133, 68, 134, 67, 135, 66, 136, 65, 137, 64, 138, 63, 139, 62, 140, 61, 141, 60, 142, 59, 143, 58, 144, 57, 145, 56, 146, 55, 147, 54, 148, 53, 149, 52, 150, 51, 151, 50, 152, 49, 153, 48, 154, 47, 155, 46, 156, 45, 157, 44, 158, 43, 159, 42, 160, 41, 161, 40, 162, 39, 163, 38, 164, 37, 165, 36, 166, 35, 167, 34, 168, 33, 169, 32, 170, 31, 171, 30, 172, 29, 173, 28, 174, 27, 175, 26, 176, 25, 177, 24, 178, 23, 179, 22, 180, 21, 181, 20, 182, 19, 183, 18, 184, 17, 185, 16, 186, 15, 187, 14, 188, 13, 189, 12, 190, 11, 191, 10, 192, 9, 193, 8, 194, 7, 195, 6, 196, 5, 197, 4, 198, 3, 199, 2, 200, 1]
	 number of cars = 200
	 number of options =  5
	 number of configurations =  26
	 k =  [2, 3, 3, 5, 5]
	 min capacity =  [0, 0, 0, 0, 0]
	 max capacity =  [1, 2, 1, 2, 1]
	 number of cars in configurations  =  [4, 6, 59, 10, 1, 13, 23, 3, 11, 6, 1, 7, 2, 1, 1, 5, 2, 1, 14, 17, 2, 2, 1, 1, 1, 6]
	 confs  =   
 	[1, 0, 1, 0, 0, 1, 0, 0, 1, 0, 0, 1, 0, 0, 0, 0, 1, 0, 1, 0, 1, 0, 0, 1, 1, 1, 1, 0, 0, 0, 0, 0, 1, 0, 0, 1, 1, 1, 1, 0, 0, 0, 0, 0, 1, 0, 1, 1, 0, 0, 1, 0, 1, 0, 1, 1, 1, 0, 1, 0, 0, 0, 1, 0, 1, 1, 1, 0, 0, 1, 1, 1, 1, 0, 1, 0, 0, 1, 1, 0, 1, 0, 0, 0, 1, 0, 0, 0, 1, 1, 0, 0, 0, 1, 0, 1, 0, 0, 0, 0, 0, 1, 1, 1, 0, 1, 0, 1, 1, 0, 1, 1, 0, 1, 1, 1, 1, 1, 0, 0, 0, 0, 1, 0, 1, 0, 1, 0, 0, 0]
 
Solution: 
	 car_confs =   
 	[20, 19, 20, 18, 20, 27, 20, 19, 15, 19, 20, 27, 12, 25, 12, 26, 20, 16, 26, 12, 13, 20, 19, 26, 8, 9, 20, 19, 26, 8, 9, 6, 19, 10, 6, 9, 6, 19, 10, 6, 9, 6, 16, 4, 6, 9, 6, 4, 19, 10, 6, 9, 4, 4, 7, 3, 3, 7, 3, 3, 7, 3, 3, 7, 3, 3, 7, 3, 3, 7, 3, 3, 7, 3, 3, 7, 3, 3, 7, 3, 3, 7, 3, 3, 7, 3, 3, 7, 3, 3, 2, 3, 1, 3, 2, 3, 1, 3, 2, 3, 1, 3, 2, 3, 1, 3, 2, 3, 2, 3, 3, 5, 3, 3, 7, 3, 3, 7, 3, 3, 7, 3, 3, 7, 3, 3, 7, 3, 3, 7, 3, 3, 7, 3, 3, 7, 3, 3, 7, 3, 3, 7, 3, 3, 7, 3, 3, 9, 4, 4, 20, 10, 6, 9, 4, 4, 20, 10, 6, 9, 4, 4, 20, 10, 6, 9, 6, 16, 6, 19, 9, 20, 16, 20, 19, 11, 26, 12, 27, 8, 26, 17, 16, 20, 19, 20, 13, 12, 27, 12, 27, 14, 19, 20, 19, 20, 27, 17, 19, 12]
	 objective =   	6
----------
/home/frekn832/fznparser/test/mzn-challenge/carseq/carseq_set_1/car_30.dzn
Problem description: 
	 permuatation = [101, 100, 102, 99, 103, 98, 104, 97, 105, 96, 106, 95, 107, 94, 108, 93, 109, 92, 110, 91, 111, 90, 112, 89, 113, 88, 114, 87, 115, 86, 116, 85, 117, 84, 118, 83, 119, 82, 120, 81, 121, 80, 122, 79, 123, 78, 124, 77, 125, 76, 126, 75, 127, 74, 128, 73, 129, 72, 130, 71, 131, 70, 132, 69, 133, 68, 134, 67, 135, 66, 136, 65, 137, 64, 138, 63, 139, 62, 140, 61, 141, 60, 142, 59, 143, 58, 144, 57, 145, 56, 146, 55, 147, 54, 148, 53, 149, 52, 150, 51, 151, 50, 152, 49, 153, 48, 154, 47, 155, 46, 156, 45, 157, 44, 158, 43, 159, 42, 160, 41, 161, 40, 162, 39, 163, 38, 164, 37, 165, 36, 166, 35, 167, 34, 168, 33, 169, 32, 170, 31, 171, 30, 172, 29, 173, 28, 174, 27, 175, 26, 176, 25, 177, 24, 178, 23, 179, 22, 180, 21, 181, 20, 182, 19, 183, 18, 184, 17, 185, 16, 186, 15, 187, 14, 188, 13, 189, 12, 190, 11, 191, 10, 192, 9, 193, 8, 194, 7, 195, 6, 196, 5, 197, 4, 198, 3, 199, 2, 200, 1]
	 number of cars = 200
	 number of options =  5
	 number of configurations =  23
	 k =  [2, 3, 3, 5, 5]
	 min capacity =  [0, 0, 0, 0, 0]
	 max capacity =  [1, 2, 1, 2, 1]
	 number of cars in configurations  =  [3, 4, 12, 3, 19, 2, 3, 7, 2, 1, 26, 35, 2, 6, 7, 1, 1, 2, 48, 2, 2, 9, 3]
	 confs  =   
 	[1, 0, 1, 1, 0, 1, 0, 0, 0, 1, 1, 1, 0, 0, 0, 1, 1, 1, 0, 0, 0, 0, 0, 0, 1, 1, 1, 0, 0, 1, 1, 1, 0, 1, 0, 0, 1, 0, 1, 0, 0, 0, 1, 0, 1, 1, 0, 1, 0, 1, 0, 0, 1, 0, 0, 0, 0, 0, 1, 0, 0, 1, 1, 0, 1, 0, 0, 1, 1, 0, 1, 0, 1, 0, 0, 1, 0, 0, 1, 1, 0, 0, 1, 1, 1, 0, 0, 0, 1, 1, 0, 1, 0, 0, 0, 0, 1, 1, 0, 0, 0, 1, 0, 0, 1, 1, 0, 0, 0, 0, 1, 0, 0, 1, 0]
 
Solution: 
	 car_confs =   
 	[23, 21, 23, 20, 22, 19, 22, 19, 19, 22, 19, 19, 17, 19, 19, 14, 19, 19, 14, 19, 19, 15, 19, 16, 19, 14, 19, 19, 14, 19, 12, 9, 19, 19, 15, 12, 12, 6, 19, 15, 12, 12, 19, 5, 11, 12, 12, 11, 5, 19, 12, 11, 12, 5, 11, 12, 19, 11, 5, 12, 12, 11, 19, 5, 11, 12, 12, 11, 5, 19, 12, 11, 12, 2, 11, 7, 19, 11, 2, 12, 7, 11, 3, 5, 3, 11, 3, 8, 2, 8, 3, 11, 3, 5, 1, 8, 3, 11, 3, 5, 1, 8, 3, 11, 2, 8, 1, 19, 3, 5, 3, 8, 11, 3, 5, 3, 8, 11, 7, 5, 4, 12, 19, 4, 5, 12, 4, 12, 19, 5, 11, 12, 12, 11, 5, 19, 11, 12, 12, 5, 11, 19, 12, 11, 5, 12, 11, 12, 19, 5, 11, 12, 12, 11, 5, 19, 12, 12, 15, 19, 6, 12, 12, 15, 19, 19, 9, 12, 12, 15, 19, 19, 10, 19, 19, 14, 19, 18, 15, 19, 19, 14, 18, 19, 19, 22, 19, 13, 22, 19, 19, 22, 13, 22, 19, 22, 20, 22, 21, 23]
	 objective =   	0
----------
==========
/home/frekn832/fznparser/test/mzn-challenge/carseq/carseq_set_1/car_31.dzn
Problem description: 
	 permuatation = [101, 100, 102, 99, 103, 98, 104, 97, 105, 96, 106, 95, 107, 94, 108, 93, 109, 92, 110, 91, 111, 90, 112, 89, 113, 88, 114, 87, 115, 86, 116, 85, 117, 84, 118, 83, 119, 82, 120, 81, 121, 80, 122, 79, 123, 78, 124, 77, 125, 76, 126, 75, 127, 74, 128, 73, 129, 72, 130, 71, 131, 70, 132, 69, 133, 68, 134, 67, 135, 66, 136, 65, 137, 64, 138, 63, 139, 62, 140, 61, 141, 60, 142, 59, 143, 58, 144, 57, 145, 56, 146, 55, 147, 54, 148, 53, 149, 52, 150, 51, 151, 50, 152, 49, 153, 48, 154, 47, 155, 46, 156, 45, 157, 44, 158, 43, 159, 42, 160, 41, 161, 40, 162, 39, 163, 38, 164, 37, 165, 36, 166, 35, 167, 34, 168, 33, 169, 32, 170, 31, 171, 30, 172, 29, 173, 28, 174, 27, 175, 26, 176, 25, 177, 24, 178, 23, 179, 22, 180, 21, 181, 20, 182, 19, 183, 18, 184, 17, 185, 16, 186, 15, 187, 14, 188, 13, 189, 12, 190, 11, 191, 10, 192, 9, 193, 8, 194, 7, 195, 6, 196, 5, 197, 4, 198, 3, 199, 2, 200, 1]
	 number of cars = 200
	 number of options =  5
	 number of configurations =  27
	 k =  [2, 3, 3, 5, 5]
	 min capacity =  [0, 0, 0, 0, 0]
	 max capacity =  [1, 2, 1, 2, 1]
	 number of cars in configurations  =  [1, 2, 1, 33, 1, 1, 1, 2, 9, 1, 6, 24, 1, 51, 1, 6, 7, 2, 8, 14, 4, 1, 4, 2, 2, 1, 14]
	 confs  =   
 	[1, 1, 1, 1, 0, 1, 0, 0, 0, 1, 1, 0, 1, 0, 1, 0, 0, 0, 1, 0, 1, 1, 1, 0, 1, 0, 1, 0, 1, 1, 1, 0, 1, 1, 1, 1, 1, 0, 1, 0, 0, 1, 0, 1, 0, 0, 0, 1, 0, 1, 1, 0, 0, 1, 0, 0, 0, 1, 0, 0, 1, 1, 1, 0, 0, 0, 1, 0, 0, 0, 0, 0, 1, 1, 0, 1, 0, 1, 0, 0, 0, 1, 1, 0, 0, 1, 1, 0, 0, 1, 0, 0, 0, 0, 1, 1, 0, 0, 0, 0, 1, 0, 0, 1, 1, 0, 1, 0, 0, 1, 0, 1, 1, 1, 0, 0, 0, 0, 1, 1, 0, 1, 1, 0, 0, 1, 0, 1, 0, 0, 1, 1, 0, 0, 0]
 
Solution: 
	 car_confs =   
 	[26, 24, 27, 23, 28, 27, 23, 19, 28, 27, 23, 20, 19, 28, 20, 17, 20, 19, 17, 28, 20, 17, 20, 19, 16, 28, 20, 17, 20, 19, 16, 14, 14, 15, 14, 9, 16, 14, 9, 12, 9, 14, 12, 11, 14, 9, 12, 14, 8, 12, 8, 14, 12, 14, 9, 7, 14, 14, 12, 4, 4, 14, 14, 12, 4, 4, 14, 14, 12, 4, 4, 14, 14, 12, 4, 4, 14, 14, 12, 4, 4, 14, 14, 12, 4, 4, 20, 14, 5, 4, 4, 14, 12, 2, 4, 4, 14, 12, 2, 4, 1, 14, 20, 10, 4, 4, 12, 14, 14, 3, 4, 4, 12, 14, 14, 4, 4, 12, 14, 14, 4, 4, 12, 14, 14, 4, 4, 12, 14, 14, 4, 4, 12, 14, 14, 4, 4, 12, 14, 14, 4, 4, 12, 14, 14, 11, 6, 12, 14, 14, 11, 9, 12, 14, 14, 11, 9, 12, 14, 14, 11, 9, 13, 19, 14, 9, 11, 14, 14, 16, 14, 18, 28, 16, 28, 20, 17, 18, 28, 16, 28, 20, 17, 19, 20, 17, 20, 28, 19, 20, 23, 27, 28, 21, 25, 27, 28, 25, 24, 27]
	 objective =   	12
----------
/home/frekn832/fznparser/test/mzn-challenge/carseq/carseq_set_1/car_32.dzn
Problem description: 
	 permuatation = [101, 100, 102, 99, 103, 98, 104, 97, 105, 96, 106, 95, 107, 94, 108, 93, 109, 92, 110, 91, 111, 90, 112, 89, 113, 88, 114, 87, 115, 86, 116, 85, 117, 84, 118, 83, 119, 82, 120, 81, 121, 80, 122, 79, 123, 78, 124, 77, 125, 76, 126, 75, 127, 74, 128, 73, 129, 72, 130, 71, 131, 70, 132, 69, 133, 68, 134, 67, 135, 66, 136, 65, 137, 64, 138, 63, 139, 62, 140, 61, 141, 60, 142, 59, 143, 58, 144, 57, 145, 56, 146, 55, 147, 54, 148, 53, 149, 52, 150, 51, 151, 50, 152, 49, 153, 48, 154, 47, 155, 46, 156, 45, 157, 44, 158, 43, 159, 42, 160, 41, 161, 40, 162, 39, 163, 38, 164, 37, 165, 36, 166, 35, 167, 34, 168, 33, 169, 32, 170, 31, 171, 30, 172, 29, 173, 28, 174, 27, 175, 26, 176, 25, 177, 24, 178, 23, 179, 22, 180, 21, 181, 20, 182, 19, 183, 18, 184, 17, 185, 16, 186, 15, 187, 14, 188, 13, 189, 12, 190, 11, 191, 10, 192, 9, 193, 8, 194, 7, 195, 6, 196, 5, 197, 4, 198, 3, 199, 2, 200, 1]
	 number of cars = 200
	 number of options =  5
	 number of configurations =  23
	 k =  [2, 3, 3, 5, 5]
	 min capacity =  [0, 0, 0, 0, 0]
	 max capacity =  [1, 2, 1, 2, 1]
	 number of cars in configurations  =  [21, 1, 15, 7, 1, 4, 4, 3, 10, 4, 8, 3, 49, 1, 2, 4, 3, 30, 18, 1, 9, 1, 1]
	 confs  =   
 	[0, 0, 0, 0, 1, 0, 1, 1, 0, 1, 0, 1, 0, 1, 0, 1, 0, 1, 0, 0, 0, 0, 0, 1, 1, 0, 1, 1, 0, 0, 0, 0, 1, 0, 1, 1, 1, 1, 0, 0, 1, 1, 0, 0, 0, 0, 1, 1, 1, 0, 0, 0, 1, 1, 0, 1, 1, 0, 0, 1, 0, 1, 0, 0, 0, 1, 0, 0, 1, 1, 1, 0, 0, 0, 1, 1, 0, 0, 1, 0, 0, 1, 0, 0, 1, 1, 0, 0, 0, 0, 0, 0, 0, 1, 0, 1, 0, 1, 1, 0, 0, 0, 1, 0, 0, 1, 1, 1, 0, 1, 1, 1, 0, 1, 0]
 
Solution: 
	 car_confs =   
 	[20, 24, 23, 21, 18, 19, 18, 24, 14, 21, 18, 19, 18, 19, 18, 17, 18, 19, 18, 21, 12, 19, 18, 19, 18, 17, 18, 13, 13, 19, 12, 13, 18, 13, 13, 7, 13, 18, 13, 13, 7, 18, 13, 13, 18, 2, 13, 18, 13, 13, 1, 11, 13, 13, 11, 1, 13, 13, 11, 9, 1, 9, 11, 13, 9, 1, 10, 16, 13, 8, 1, 13, 16, 10, 9, 1, 6, 19, 9, 6, 1, 3, 13, 4, 3, 1, 3, 13, 4, 3, 1, 3, 13, 4, 3, 1, 3, 13, 4, 3, 1, 3, 4, 13, 3, 1, 3, 4, 13, 3, 1, 3, 4, 13, 3, 1, 3, 6, 18, 13, 1, 6, 9, 19, 8, 1, 9, 10, 16, 13, 1, 8, 13, 16, 10, 1, 9, 13, 11, 9, 1, 9, 11, 13, 13, 1, 11, 13, 13, 11, 1, 13, 13, 18, 13, 5, 13, 13, 18, 13, 7, 13, 13, 18, 13, 7, 13, 13, 18, 13, 12, 19, 13, 13, 18, 17, 18, 19, 18, 19, 15, 21, 18, 19, 18, 19, 15, 21, 18, 19, 18, 19, 18, 21, 18, 19, 21, 18, 19, 21]
	 objective =   	2
----------
/home/frekn832/fznparser/test/mzn-challenge/carseq/carseq_set_1/car_33.dzn
Problem description: 
	 permuatation = [101, 100, 102, 99, 103, 98, 104, 97, 105, 96, 106, 95, 107, 94, 108, 93, 109, 92, 110, 91, 111, 90, 112, 89, 113, 88, 114, 87, 115, 86, 116, 85, 117, 84, 118, 83, 119, 82, 120, 81, 121, 80, 122, 79, 123, 78, 124, 77, 125, 76, 126, 75, 127, 74, 128, 73, 129, 72, 130, 71, 131, 70, 132, 69, 133, 68, 134, 67, 135, 66, 136, 65, 137, 64, 138, 63, 139, 62, 140, 61, 141, 60, 142, 59, 143, 58, 144, 57, 145, 56, 146, 55, 147, 54, 148, 53, 149, 52, 150, 51, 151, 50, 152, 49, 153, 48, 154, 47, 155, 46, 156, 45, 157, 44, 158, 43, 159, 42, 160, 41, 161, 40, 162, 39, 163, 38, 164, 37, 165, 36, 166, 35, 167, 34, 168, 33, 169, 32, 170, 31, 171, 30, 172, 29, 173, 28, 174, 27, 175, 26, 176, 25, 177, 24, 178, 23, 179, 22, 180, 21, 181, 20, 182, 19, 183, 18, 184, 17, 185, 16, 186, 15, 187, 14, 188, 13, 189, 12, 190, 11, 191, 10, 192, 9, 193, 8, 194, 7, 195, 6, 196, 5, 197, 4, 198, 3, 199, 2, 200, 1]
	 number of cars = 200
	 number of options =  5
	 number of configurations =  24
	 k =  [2, 3, 3, 5, 5]
	 min capacity =  [0, 0, 0, 0, 0]
	 max capacity =  [1, 2, 1, 2, 1]
	 number of cars in configurations  =  [3, 1, 41, 13, 4, 3, 26, 1, 1, 3, 1, 9, 1, 2, 12, 2, 4, 36, 12, 5, 13, 1, 3, 3]
	 confs  =   
 	[0, 1, 0, 1, 1, 0, 1, 1, 0, 0, 1, 0, 0, 0, 0, 1, 1, 0, 0, 0, 1, 0, 1, 1, 0, 1, 0, 0, 0, 1, 0, 0, 0, 1, 0, 0, 0, 1, 1, 1, 1, 1, 1, 0, 0, 0, 1, 1, 1, 0, 1, 0, 0, 1, 1, 1, 0, 1, 0, 0, 1, 1, 1, 1, 0, 0, 0, 1, 0, 1, 0, 0, 0, 0, 1, 1, 0, 0, 1, 0, 1, 1, 0, 1, 0, 0, 1, 0, 0, 0, 0, 1, 0, 1, 0, 0, 0, 1, 1, 0, 0, 0, 1, 0, 0, 0, 1, 1, 0, 1, 1, 1, 0, 0, 1, 0, 1, 0, 0, 1]
 
Solution: 
	 car_confs =   
 	[19, 21, 24, 19, 21, 19, 25, 24, 21, 19, 19, 25, 21, 23, 19, 20, 18, 18, 12, 18, 18, 12, 18, 18, 12, 18, 18, 12, 18, 17, 21, 17, 18, 21, 17, 18, 5, 18, 6, 20, 4, 18, 5, 18, 4, 15, 4, 18, 16, 10, 4, 15, 4, 18, 16, 10, 4, 15, 3, 7, 3, 7, 3, 15, 3, 7, 3, 7, 3, 15, 3, 7, 3, 7, 3, 15, 3, 7, 3, 7, 3, 15, 3, 7, 3, 7, 3, 14, 3, 7, 3, 7, 3, 18, 3, 1, 3, 7, 3, 2, 1, 3, 7, 3, 18, 1, 3, 7, 3, 18, 3, 7, 3, 7, 3, 14, 3, 7, 3, 7, 3, 15, 3, 7, 3, 7, 3, 15, 3, 7, 3, 7, 3, 15, 3, 7, 3, 7, 3, 15, 3, 7, 4, 10, 6, 18, 4, 20, 4, 15, 4, 18, 5, 18, 4, 8, 4, 18, 5, 18, 4, 20, 6, 18, 9, 25, 17, 18, 11, 18, 12, 18, 18, 12, 18, 18, 12, 18, 18, 12, 18, 18, 12, 18, 19, 20, 23, 25, 21, 19, 19, 21, 23, 25, 19, 21, 19, 24, 21, 19]
	 objective =   	5
----------
/home/frekn832/fznparser/test/mzn-challenge/carseq/carseq_set_1/car_34.dzn
Problem description: 
	 permuatation = [101, 100, 102, 99, 103, 98, 104, 97, 105, 96, 106, 95, 107, 94, 108, 93, 109, 92, 110, 91, 111, 90, 112, 89, 113, 88, 114, 87, 115, 86, 116, 85, 117, 84, 118, 83, 119, 82, 120, 81, 121, 80, 122, 79, 123, 78, 124, 77, 125, 76, 126, 75, 127, 74, 128, 73, 129, 72, 130, 71, 131, 70, 132, 69, 133, 68, 134, 67, 135, 66, 136, 65, 137, 64, 138, 63, 139, 62, 140, 61, 141, 60, 142, 59, 143, 58, 144, 57, 145, 56, 146, 55, 147, 54, 148, 53, 149, 52, 150, 51, 151, 50, 152, 49, 153, 48, 154, 47, 155, 46, 156, 45, 157, 44, 158, 43, 159, 42, 160, 41, 161, 40, 162, 39, 163, 38, 164, 37, 165, 36, 166, 35, 167, 34, 168, 33, 169, 32, 170, 31, 171, 30, 172, 29, 173, 28, 174, 27, 175, 26, 176, 25, 177, 24, 178, 23, 179, 22, 180, 21, 181, 20, 182, 19, 183, 18, 184, 17, 185, 16, 186, 15, 187, 14, 188, 13, 189, 12, 190, 11, 191, 10, 192, 9, 193, 8, 194, 7, 195, 6, 196, 5, 197, 4, 198, 3, 199, 2, 200, 1]
	 number of cars = 200
	 number of options =  5
	 number of configurations =  25
	 k =  [2, 3, 3, 5, 5]
	 min capacity =  [0, 0, 0, 0, 0]
	 max capacity =  [1, 2, 1, 2, 1]
	 number of cars in configurations  =  [1, 36, 4, 4, 29, 11, 4, 2, 3, 7, 2, 5, 1, 3, 4, 43, 10, 12, 1, 1, 2, 2, 11, 1, 1]
	 confs  =   
 	[1, 1, 0, 0, 1, 0, 0, 0, 1, 0, 0, 1, 0, 0, 1, 1, 0, 0, 0, 1, 1, 0, 0, 0, 0, 1, 1, 0, 0, 0, 0, 0, 1, 1, 0, 0, 0, 0, 1, 1, 1, 0, 0, 1, 0, 0, 1, 1, 0, 0, 0, 0, 1, 1, 1, 1, 1, 1, 0, 0, 0, 1, 1, 1, 1, 0, 1, 1, 1, 0, 1, 0, 1, 1, 0, 0, 1, 0, 0, 0, 0, 0, 0, 0, 1, 0, 1, 0, 1, 0, 1, 0, 1, 0, 0, 1, 1, 1, 0, 1, 1, 1, 0, 1, 0, 0, 1, 0, 1, 1, 0, 0, 1, 0, 0, 1, 1, 1, 0, 0, 0, 0, 1, 0, 1]
 
Solution: 
	 car_confs =   
 	[23, 18, 26, 20, 18, 26, 26, 23, 18, 18, 17, 26, 23, 18, 18, 17, 16, 16, 19, 16, 16, 17, 16, 14, 26, 16, 12, 17, 16, 16, 15, 16, 16, 15, 16, 16, 15, 16, 16, 15, 16, 6, 11, 6, 16, 9, 16, 6, 8, 6, 7, 6, 16, 5, 7, 5, 2, 16, 5, 2, 5, 2, 16, 5, 2, 5, 2, 16, 5, 2, 5, 2, 16, 5, 2, 5, 2, 16, 5, 2, 4, 2, 10, 5, 2, 4, 2, 10, 5, 2, 3, 2, 10, 5, 2, 3, 2, 10, 5, 2, 1, 2, 5, 10, 2, 3, 2, 5, 10, 2, 3, 2, 5, 10, 2, 4, 2, 5, 16, 2, 4, 2, 5, 16, 2, 5, 2, 5, 16, 2, 5, 2, 5, 16, 2, 5, 2, 5, 16, 2, 5, 2, 5, 16, 2, 5, 7, 6, 16, 7, 6, 8, 6, 16, 9, 16, 6, 11, 6, 16, 9, 16, 6, 17, 12, 16, 26, 12, 16, 17, 12, 16, 26, 12, 16, 17, 14, 16, 26, 14, 16, 17, 16, 16, 23, 16, 17, 18, 18, 23, 26, 17, 18, 18, 23, 26, 26, 18, 18, 23]
	 objective =   	11
----------
/home/frekn832/fznparser/test/mzn-challenge/carseq/carseq_set_1/car_35.dzn
Problem description: 
	 permuatation = [101, 100, 102, 99, 103, 98, 104, 97, 105, 96, 106, 95, 107, 94, 108, 93, 109, 92, 110, 91, 111, 90, 112, 89, 113, 88, 114, 87, 115, 86, 116, 85, 117, 84, 118, 83, 119, 82, 120, 81, 121, 80, 122, 79, 123, 78, 124, 77, 125, 76, 126, 75, 127, 74, 128, 73, 129, 72, 130, 71, 131, 70, 132, 69, 133, 68, 134, 67, 135, 66, 136, 65, 137, 64, 138, 63, 139, 62, 140, 61, 141, 60, 142, 59, 143, 58, 144, 57, 145, 56, 146, 55, 147, 54, 148, 53, 149, 52, 150, 51, 151, 50, 152, 49, 153, 48, 154, 47, 155, 46, 156, 45, 157, 44, 158, 43, 159, 42, 160, 41, 161, 40, 162, 39, 163, 38, 164, 37, 165, 36, 166, 35, 167, 34, 168, 33, 169, 32, 170, 31, 171, 30, 172, 29, 173, 28, 174, 27, 175, 26, 176, 25, 177, 24, 178, 23, 179, 22, 180, 21, 181, 20, 182, 19, 183, 18, 184, 17, 185, 16, 186, 15, 187, 14, 188, 13, 189, 12, 190, 11, 191, 10, 192, 9, 193, 8, 194, 7, 195, 6, 196, 5, 197, 4, 198, 3, 199, 2, 200, 1]
	 number of cars = 200
	 number of options =  5
	 number of configurations =  24
	 k =  [2, 3, 3, 5, 5]
	 min capacity =  [0, 0, 0, 0, 0]
	 max capacity =  [1, 2, 1, 2, 1]
	 number of cars in configurations  =  [58, 2, 15, 2, 6, 4, 1, 4, 21, 1, 1, 3, 15, 2, 9, 19, 9, 6, 4, 3, 2, 1, 9, 3]
	 confs  =   
 	[0, 1, 0, 0, 0, 0, 0, 0, 1, 1, 0, 0, 0, 0, 1, 1, 1, 1, 1, 0, 0, 1, 0, 0, 1, 0, 1, 1, 1, 0, 1, 0, 1, 0, 1, 1, 1, 0, 1, 0, 0, 0, 0, 1, 0, 1, 1, 0, 1, 1, 0, 0, 1, 1, 1, 1, 0, 1, 0, 0, 0, 0, 1, 0, 0, 1, 1, 0, 0, 1, 1, 1, 0, 0, 0, 1, 0, 0, 0, 0, 0, 1, 1, 0, 0, 1, 1, 1, 0, 0, 1, 0, 0, 1, 0, 0, 0, 1, 1, 0, 1, 0, 1, 1, 0, 0, 1, 0, 1, 1, 0, 1, 0, 0, 0, 1, 0, 0, 0, 1]
 
Solution: 
	 car_confs =   
 	[17, 25, 19, 17, 25, 16, 17, 16, 25, 16, 17, 16, 25, 16, 13, 25, 16, 13, 25, 16, 13, 25, 14, 13, 25, 16, 6, 23, 16, 11, 23, 15, 13, 23, 10, 13, 15, 23, 12, 5, 9, 8, 23, 12, 5, 9, 8, 23, 12, 5, 9, 8, 13, 15, 3, 4, 9, 1, 1, 3, 1, 1, 9, 1, 1, 3, 1, 1, 9, 1, 1, 3, 1, 1, 9, 1, 1, 3, 1, 1, 9, 1, 1, 3, 1, 1, 9, 1, 1, 3, 1, 1, 9, 1, 1, 2, 1, 1, 9, 1, 1, 2, 1, 1, 9, 1, 1, 3, 1, 1, 9, 1, 1, 3, 1, 1, 9, 1, 1, 3, 1, 1, 9, 1, 1, 3, 1, 1, 9, 1, 1, 3, 1, 1, 9, 1, 1, 3, 1, 1, 9, 1, 1, 3, 4, 9, 15, 13, 3, 8, 6, 16, 23, 5, 9, 6, 15, 25, 5, 6, 9, 15, 13, 5, 15, 13, 15, 23, 7, 23, 15, 13, 16, 22, 13, 16, 25, 13, 14, 25, 13, 16, 25, 13, 16, 25, 16, 17, 16, 25, 16, 17, 16, 25, 16, 17, 19, 25, 17, 19]
	 objective =   	16
----------
/home/frekn832/fznparser/test/mzn-challenge/carseq/carseq_set_1/car_36.dzn
Problem description: 
	 permuatation = [101, 100, 102, 99, 103, 98, 104, 97, 105, 96, 106, 95, 107, 94, 108, 93, 109, 92, 110, 91, 111, 90, 112, 89, 113, 88, 114, 87, 115, 86, 116, 85, 117, 84, 118, 83, 119, 82, 120, 81, 121, 80, 122, 79, 123, 78, 124, 77, 125, 76, 126, 75, 127, 74, 128, 73, 129, 72, 130, 71, 131, 70, 132, 69, 133, 68, 134, 67, 135, 66, 136, 65, 137, 64, 138, 63, 139, 62, 140, 61, 141, 60, 142, 59, 143, 58, 144, 57, 145, 56, 146, 55, 147, 54, 148, 53, 149, 52, 150, 51, 151, 50, 152, 49, 153, 48, 154, 47, 155, 46, 156, 45, 157, 44, 158, 43, 159, 42, 160, 41, 161, 40, 162, 39, 163, 38, 164, 37, 165, 36, 166, 35, 167, 34, 168, 33, 169, 32, 170, 31, 171, 30, 172, 29, 173, 28, 174, 27, 175, 26, 176, 25, 177, 24, 178, 23, 179, 22, 180, 21, 181, 20, 182, 19, 183, 18, 184, 17, 185, 16, 186, 15, 187, 14, 188, 13, 189, 12, 190, 11, 191, 10, 192, 9, 193, 8, 194, 7, 195, 6, 196, 5, 197, 4, 198, 3, 199, 2, 200, 1]
	 number of cars = 200
	 number of options =  5
	 number of configurations =  22
	 k =  [2, 3, 3, 5, 5]
	 min capacity =  [0, 0, 0, 0, 0]
	 max capacity =  [1, 2, 1, 2, 1]
	 number of cars in configurations  =  [3, 2, 34, 6, 16, 43, 5, 13, 1, 2, 4, 13, 4, 1, 2, 17, 16, 1, 2, 2, 5, 8]
	 confs  =   
 	[1, 1, 0, 1, 0, 0, 0, 0, 1, 1, 0, 0, 0, 1, 0, 1, 0, 0, 1, 0, 1, 1, 0, 0, 0, 0, 1, 0, 0, 0, 0, 0, 1, 1, 0, 0, 0, 0, 0, 1, 1, 0, 1, 0, 1, 1, 1, 1, 0, 0, 1, 0, 1, 0, 0, 0, 1, 0, 1, 0, 1, 0, 0, 0, 1, 1, 0, 1, 1, 0, 0, 1, 1, 0, 1, 1, 0, 0, 0, 0, 0, 0, 1, 0, 0, 1, 1, 1, 1, 0, 1, 1, 1, 0, 1, 0, 1, 1, 1, 0, 0, 1, 1, 0, 0, 0, 1, 0, 0, 1]
 
Solution: 
	 car_confs =   
 	[17, 23, 23, 17, 23, 22, 17, 23, 23, 17, 22, 16, 17, 16, 23, 14, 22, 16, 17, 16, 12, 16, 12, 17, 16, 12, 16, 12, 23, 10, 12, 23, 10, 12, 13, 7, 6, 6, 7, 6, 6, 7, 6, 6, 4, 6, 6, 4, 6, 4, 6, 13, 6, 6, 3, 3, 11, 6, 6, 3, 3, 8, 6, 5, 3, 3, 8, 6, 5, 3, 3, 8, 6, 5, 3, 3, 8, 6, 5, 3, 3, 8, 6, 5, 3, 3, 8, 6, 5, 3, 3, 5, 8, 6, 1, 3, 11, 6, 5, 2, 1, 6, 11, 6, 1, 2, 5, 6, 11, 3, 3, 5, 6, 8, 3, 3, 5, 6, 8, 3, 3, 5, 6, 8, 3, 3, 5, 6, 8, 3, 3, 5, 6, 8, 3, 3, 5, 6, 8, 3, 3, 5, 6, 9, 3, 3, 6, 6, 13, 3, 4, 6, 6, 13, 6, 4, 6, 4, 6, 6, 7, 6, 6, 7, 6, 12, 16, 15, 12, 16, 12, 16, 15, 12, 16, 12, 16, 17, 12, 16, 12, 16, 17, 16, 22, 16, 17, 16, 23, 17, 22, 23, 17, 23, 23, 17, 22, 23, 17, 23]
	 objective =   	14
----------
=====UNKNOWN=====
/home/frekn832/fznparser/test/mzn-challenge/carseq/carseq_set_1/car_37.dzn
